0	       0        0 0.258819 0.965926
0.002	1.60568e-25 2.07055e-09    0.258819    0.965926
0.004	 4.2818e-25 1.65644e-08    0.258819    0.965926
0.006	 8.5636e-25 5.59049e-08    0.258819    0.965926
0.008	6.85088e-24 1.32515e-07    0.258819    0.965926
0.01	1.37018e-23 2.58819e-07    0.258819    0.965926
0.012	6.85088e-24 4.47239e-07    0.258819    0.965926
0.014	4.11053e-23   7.102e-07    0.258818    0.965926
0.016	          0 1.06012e-06    0.258818    0.965926
0.018	2.74035e-23 1.50943e-06    0.258818    0.965926
0.02	          0 2.07055e-06    0.258817    0.965926
0.022	1.09614e-22 2.75591e-06    0.258816    0.965927
0.024	1.09614e-22 3.57792e-06    0.258816    0.965927
0.026	          0 4.54901e-06    0.258815    0.965927
0.028	-1.09614e-22   5.6816e-06     0.258814     0.965927
0.03	4.38456e-22 6.98813e-06    0.258813    0.965928
0.032	1.09614e-21   8.481e-06    0.258811    0.965928
0.034	4.38455e-22 1.01727e-05     0.25881    0.965928
0.036	          0 1.20755e-05    0.258808    0.965929
0.038	4.38455e-22  1.4202e-05    0.258806    0.965929
0.04	8.76909e-22 1.65645e-05    0.258804     0.96593
0.042	          0 1.91755e-05    0.258801    0.965931
0.044	1.31536e-21 2.20474e-05    0.258798    0.965931
0.046	4.38454e-22 2.51926e-05    0.258796    0.965932
0.048	          0 2.86235e-05    0.258792    0.965933
0.05	1.75381e-21 3.23527e-05    0.258789    0.965934
0.052	1.75381e-21 3.63924e-05    0.258785    0.965935
0.054	8.76904e-22 4.07551e-05    0.258781    0.965936
0.056	-8.76903e-22  4.54533e-05     0.258777     0.965937
0.058	8.76902e-22 5.04994e-05    0.258772    0.965938
0.06	  8.769e-22 5.59057e-05    0.258767     0.96594
0.062	 3.5076e-21 6.16848e-05    0.258761    0.965941
0.064	3.50759e-21 6.78491e-05    0.258756    0.965943
0.066	          0 7.44109e-05     0.25875    0.965944
0.068	3.50758e-21 8.13827e-05    0.258743    0.965946
0.07	         0 8.8777e-05   0.258736   0.965948
0.072	1.75378e-21 9.66061e-05    0.258729     0.96595
0.074	-1.75378e-21  0.000104883     0.258721     0.965952
0.076	1.75377e-21 0.000113619    0.258713    0.965954
0.078	3.50754e-21 0.000122827    0.258704    0.965957
0.08	         0 0.00013252   0.258695   0.965959
0.082	3.50752e-21  0.00014271    0.258686    0.965961
0.084	3.50751e-21 0.000153409    0.258676    0.965964
0.086	         0 0.00016463   0.258665   0.965967
0.088	3.50749e-21 0.000176386    0.258654     0.96597
0.09	3.50748e-21 0.000188688    0.258643    0.965973
0.092	3.50747e-21  0.00020155    0.258631    0.965976
0.094	3.50746e-21 0.000214983    0.258618     0.96598
0.096	3.50744e-21    0.000229    0.258605    0.965983
0.098	          0 0.000243614    0.258592    0.965987
0.1	2.10445e-20 0.000258836    0.258578     0.96599
0.102	2.10444e-20  0.00027468    0.258563    0.965994
0.104	2.10443e-20 0.000291158    0.258547    0.965999
0.106	1.40295e-20 0.000308282    0.258531    0.966003
0.108	7.01471e-21 0.000326065    0.258515    0.966007
0.11	          0 0.000344519    0.258498    0.966012
0.112	2.80586e-20 0.000363656     0.25848    0.966017
0.114	2.10438e-20  0.00038349    0.258461    0.966022
0.116	          0 0.000404032    0.258442    0.966027
0.118	1.40291e-20 0.000425295    0.258422    0.966032
0.12	          0 0.000447291    0.258402    0.966037
0.122	          0 0.000470033     0.25838    0.966043
0.124	          0 0.000493534    0.258359    0.966049
0.126	1.40287e-20 0.000517805    0.258336    0.966055
0.128	2.80573e-20 0.000542859    0.258312    0.966061
0.13	4.20856e-20 0.000568709    0.258288    0.966068
0.132	          0 0.000595367    0.258263    0.966074
0.134	1.40284e-20 0.000622846    0.258238    0.966081
0.136	2.80565e-20 0.000651157    0.258211    0.966088
0.138	2.80563e-20 0.000680315    0.258184    0.966095
0.14	1.4028e-20 0.00071033   0.258156   0.966103
0.142	2.80558e-20 0.000741215    0.258127    0.966111
0.144	          0 0.000772984    0.258098    0.966119
0.146	1.40277e-20 0.000805648    0.258067    0.966127
0.148	1.40276e-20 0.000839219    0.258036    0.966135
0.15	5.61098e-20 0.000873711    0.258004    0.966144
0.152	          0 0.000909136    0.257971    0.966152
0.154	1.40272e-20 0.000945506    0.257937    0.966161
0.156	5.61082e-20 0.000982834    0.257902    0.966171
0.158	2.80538e-20  0.00102113    0.257866     0.96618
0.16	         0 0.00106041   0.257829    0.96619
0.162	5.61065e-20  0.00110069    0.257792      0.9662
0.164	5.61059e-20  0.00114197    0.257753     0.96621
0.166	5.61053e-20  0.00118428    0.257714    0.966221
0.168	8.4157e-20 0.00122761   0.257673   0.966231
0.17	2.8052e-20 0.00127199   0.257632   0.966242
0.172	2.80517e-20  0.00131743    0.257589    0.966254
0.174	8.41541e-20  0.00136394    0.257546    0.966265
0.176	8.41531e-20  0.00141154    0.257502    0.966277
0.178	         0 0.00146022   0.257456   0.966289
0.18	5.61006e-20  0.00151002     0.25741    0.966301
0.182	-5.60999e-20   0.00156093     0.257362     0.966314
0.184	         0 0.00161298   0.257313   0.966327
0.186	-2.80492e-20   0.00166618     0.257264      0.96634
0.188	-2.80488e-20   0.00172053     0.257213     0.966353
0.19	         0 0.00177605   0.257161   0.966367
0.192	2.8048e-20 0.00183276   0.257108   0.966381
0.194	-5.60952e-20   0.00189066     0.257054     0.966395
0.196	1.12189e-19  0.00194976    0.256999     0.96641
0.198	1.12187e-19  0.00201009    0.256943    0.966425
0.2	2.2437e-19 0.00207165   0.256885    0.96644
0.202	2.24367e-19  0.00213446    0.256826    0.966455
0.204	1.12182e-19  0.00219853    0.256767    0.966471
0.206	1.6827e-19 0.00226386   0.256706   0.966487
0.208	1.68267e-19  0.00233048    0.256643    0.966503
0.21	1.12176e-19   0.0023984     0.25658     0.96652
0.212	1.12174e-19  0.00246762    0.256515    0.966537
0.214	         0 0.00253817   0.256449   0.966554
0.216	         0 0.00261004   0.256382   0.966572
0.218	         0 0.00268327   0.256314    0.96659
0.22	-5.60828e-20   0.00275785     0.256244     0.966608
0.222	         0 0.00283381   0.256173   0.966627
0.224	5.60806e-20  0.00291114    0.256101    0.966646
0.226	5.60795e-20  0.00298988    0.256027    0.966665
0.228	1.68235e-19  0.00307002    0.255952    0.966685
0.23	         0 0.00315159   0.255876   0.966704
0.232	-5.60761e-20   0.00323459     0.255799     0.966725
0.234	5.60749e-20  0.00331904     0.25572    0.966745
0.236	5.60736e-20  0.00340494    0.255639    0.966766
0.238	         0 0.00349232   0.255558   0.966788
0.24	5.60712e-20  0.00358119    0.255475    0.966809
0.242	1.6821e-19 0.00367155    0.25539   0.966831
0.244	-5.60686e-20   0.00376342     0.255304     0.966853
0.246	1.12135e-19  0.00385681    0.255217    0.966876
0.248	         0 0.00395174   0.255128   0.966899
0.25	2.24258e-19  0.00404822    0.255038    0.966923
0.252	4.48506e-19  0.00414626    0.254946    0.966946
0.254	3.36371e-19  0.00424587    0.254853     0.96697
0.256	3.36362e-19  0.00434707    0.254758    0.966995
0.258	4.48472e-19  0.00444987    0.254662     0.96702
0.26	         0 0.00455427   0.254565   0.967045
0.262	3.36336e-19  0.00466031    0.254465    0.967071
0.264	2.24218e-19  0.00476798    0.254365    0.967097
0.266	3.36318e-19   0.0048773    0.254263    0.967123
0.268	2.24206e-19  0.00498828    0.254159     0.96715
0.27	3.36299e-19  0.00510093    0.254053    0.967177
0.272	2.24193e-19  0.00521528    0.253946    0.967204
0.274	1.12093e-19  0.00533132    0.253838    0.967232
0.276	         0 0.00544908   0.253728    0.96726
0.278	2.24173e-19  0.00556856    0.253616    0.967289
0.28	         0 0.00568978   0.253502   0.967318
0.282	         0 0.00581276   0.253387   0.967347
0.284	3.36229e-19   0.0059375     0.25327    0.967377
0.286	-1.12073e-19   0.00606401     0.253152     0.967407
0.288	         0 0.00619232   0.253032   0.967438
0.29	1.12066e-19  0.00632242     0.25291    0.967469
0.292	1.12062e-19  0.00645435    0.252787    0.967501
0.294	        0 0.0065881  0.252661  0.967532
0.296	-1.12055e-19   0.00672369     0.252534     0.967565
0.298	         0 0.00686113   0.252406   0.967597
0.3	5.60236e-19  0.00700044    0.252275     0.96763
0.302	2.24087e-19  0.00714164    0.252143    0.967664
0.304	1.12039e-19  0.00728472    0.252009    0.967697
0.306	         0 0.00742971   0.251873   0.967732
0.308	2.24063e-19  0.00757661    0.251736    0.967766
0.31	-1.12027e-19   0.00772545     0.251596     0.967801
0.312	2.24046e-19  0.00787623    0.251455    0.967837
0.314	4.48076e-19  0.00802897    0.251312    0.967873
0.316	6.72089e-19  0.00818367    0.251167    0.967909
0.318	2.24021e-19  0.00834036     0.25102    0.967946
0.32	6.72038e-19  0.00849905    0.250871    0.967983
0.322	4.48008e-19  0.00865974    0.250721    0.968021
0.324	2.23995e-19  0.00882245    0.250568    0.968059
0.326	4.47972e-19   0.0089872    0.250414    0.968097
0.328	4.47954e-19  0.00915399    0.250257    0.968136
0.33	6.71904e-19  0.00932284    0.250099    0.968175
0.332	6.71877e-19  0.00949377    0.249939    0.968215
0.334	2.2395e-19 0.00966678   0.249776   0.968255
0.336	2.2394e-19 0.00984189   0.249612   0.968296
0.338	2.23931e-19   0.0100191    0.249446    0.968337
0.34	        0 0.0101985  0.249278  0.968378
0.342	4.47823e-19   0.0103799    0.249107     0.96842
0.344	4.47803e-19   0.0105636    0.248935    0.968463
0.346	        0 0.0107494  0.248761  0.968505
0.348	4.47764e-19   0.0109373    0.248584    0.968548
0.35	4.47744e-19   0.0111275    0.248406    0.968592
0.352	4.47723e-19   0.0113199    0.248225    0.968636
0.354	        0 0.0115144  0.248043  0.968681
0.356	        0 0.0117112  0.247858  0.968726
0.358	2.2383e-19  0.0119103   0.247671   0.968771
0.36	2.2382e-19  0.0121116   0.247482   0.968817
0.362	-4.47618e-19    0.0123152     0.247291     0.968863
0.364	-2.23798e-19     0.012521     0.247098      0.96891
0.366	2.23788e-19   0.0127292    0.246902    0.968957
0.368	2.23777e-19   0.0129396    0.246704    0.969004
0.37	-2.23765e-19    0.0131524     0.246504     0.969052
0.372	        0 0.0133675  0.246302  0.969101
0.374	8.94972e-19    0.013585    0.246098     0.96915
0.376	4.47463e-19   0.0138048    0.245891    0.969199
0.378	2.2372e-19  0.0140269   0.245683   0.969249
0.38	4.47417e-19   0.0142515    0.245471    0.969299
0.382	2.23697e-19   0.0144785    0.245258     0.96935
0.384	4.4737e-19  0.0147079   0.245042   0.969401
0.386	2.23673e-19   0.0149397    0.244824    0.969452
0.388	        0 0.0151739  0.244604  0.969504
0.39	6.70947e-19   0.0154106    0.244381    0.969557
0.392	1.11818e-18   0.0156498    0.244156     0.96961
0.394	        0 0.0158914  0.243929  0.969663
0.396	        0 0.0161355  0.243699  0.969717
0.398	1.3416e-18  0.0163821   0.243467   0.969771
0.4	4.47174e-19   0.0166313    0.243233    0.969825
0.402	8.94298e-19    0.016883    0.242996     0.96988
0.404	8.94246e-19   0.0171372    0.242756    0.969936
0.406	       0 0.017394 0.242515 0.969992
0.408	1.34121e-18   0.0176533     0.24227    0.970048
0.41	8.94091e-19   0.0179152    0.242024    0.970105
0.412	4.47019e-19   0.0181798    0.241774    0.970162
0.414	1.34098e-18   0.0184469    0.241523     0.97022
0.416	4.46966e-19   0.0187167    0.241269    0.970278
0.418	4.46939e-19   0.0189891    0.241012    0.970336
0.42	1.34073e-18   0.0192641    0.240753    0.970395
0.422	8.93768e-19   0.0195418    0.240491    0.970455
0.424	4.46857e-19   0.0198222    0.240226    0.970514
0.426	4.46829e-19   0.0201053    0.239959    0.970575
0.428	4.46801e-19   0.0203911     0.23969    0.970635
0.43	8.93546e-19   0.0206796    0.239418    0.970696
0.432	8.93489e-19   0.0209708    0.239143    0.970758
0.434	8.93432e-19   0.0212647    0.238866     0.97082
0.436	4.46687e-19   0.0215615    0.238586    0.970882
0.438	       0 0.021861 0.238303 0.970945
0.44	4.4663e-19  0.0221632   0.238018   0.971008
0.442	-4.466e-19  0.0224683    0.23773   0.971071
0.444	8.93142e-19   0.0227762    0.237439    0.971135
0.446	        0 0.0230869  0.237145    0.9712
0.448	8.93023e-19   0.0234004    0.236849    0.971265
0.45	4.46482e-19   0.0237168     0.23655     0.97133
0.452	4.46451e-19   0.0240361    0.236249    0.971395
0.454	4.46421e-19   0.0243582    0.235944    0.971461
0.456	4.46391e-19   0.0246832    0.235637    0.971528
0.458	        0 0.0250112  0.235327  0.971594
0.46	1.33899e-18    0.025342    0.235014    0.971662
0.462	-4.46298e-19    0.0256758     0.234698     0.971729
0.464	-4.46267e-19    0.0260125      0.23438     0.971797
0.466	4.46236e-19   0.0263522    0.234058    0.971865
0.468	8.92408e-19   0.0266948    0.233734    0.971934
0.47	-1.33852e-18    0.0270404     0.233407     0.972003
0.472	1.33842e-18   0.0273891    0.233077    0.972073
0.474	1.78443e-18   0.0277407    0.232744    0.972142
0.476	1.33823e-18   0.0280954    0.232408    0.972212
0.478	        0 0.0284531  0.232069  0.972283
0.48	1.33803e-18   0.0288138    0.231728    0.972354
0.482	-4.45979e-19    0.0291776     0.231383     0.972425
0.484	4.45946e-19   0.0295445    0.231035    0.972497
0.486	4.45913e-19   0.0299145    0.230685    0.972569
0.488	        0 0.0302876  0.230331  0.972641
0.49	-8.91693e-19    0.0306638     0.229974     0.972714
0.492	1.33744e-18   0.0310431    0.229614    0.972787
0.494	-4.45779e-19    0.0314256     0.229251      0.97286
0.496	        0 0.0318112  0.228885  0.972933
0.498	8.91424e-19   0.0322001    0.228516    0.973007
0.5	1.78271e-18   0.0325921    0.228144    0.973082
0.502	1.33693e-18   0.0329873    0.227769    0.973156
0.504	2.22805e-18   0.0333857    0.227391    0.973231
0.506	2.67345e-18   0.0337873    0.227009    0.973306
0.508	8.91081e-19   0.0341922    0.226625    0.973382
0.51	3.56405e-18   0.0346003    0.226237    0.973458
0.512	1.78188e-18   0.0350117    0.225846    0.973534
0.514	2.67262e-18   0.0354264    0.225452     0.97361
0.516	3.56321e-18   0.0358444    0.225054    0.973687
0.518	8.90731e-19   0.0362656    0.224654    0.973764
0.52	        0 0.0366902   0.22425  0.973841
0.522	2.67177e-18   0.0371182    0.223842    0.973918
0.524	2.67156e-18   0.0375494    0.223432    0.973996
0.526	8.90448e-19   0.0379841    0.223018    0.974074
0.528	8.90376e-19   0.0384221    0.222601    0.974152
0.53	-8.90304e-19    0.0388635     0.222181     0.974231
0.532	8.90232e-19   0.0393083    0.221757    0.974309
0.534	-8.9016e-19   0.0397565     0.22133    0.974388
0.536	8.90088e-19   0.0402082      0.2209    0.974467
0.538	2.67005e-18   0.0406632    0.220466    0.974547
0.54	-8.89943e-19    0.0411218     0.220029     0.974626
0.542	8.8987e-19  0.0415838   0.219588   0.974706
0.544	1.77959e-18   0.0420493    0.219144    0.974786
0.546	8.89724e-19   0.0425183    0.218696    0.974866
0.548	        0 0.0429907  0.218245  0.974947
0.55	8.89577e-19   0.0434668    0.217791    0.975027
0.552	1.77901e-18   0.0439463    0.217333    0.975108
0.554	1.77886e-18   0.0444294    0.216872    0.975189
0.556	8.89356e-19    0.044916    0.216407     0.97527
0.558	2.66785e-18   0.0454063    0.215938    0.975351
0.56	1.77842e-18   0.0459001    0.215466    0.975432
0.562	        0 0.0463975  0.214991  0.975513
0.564	8.89059e-19   0.0468985    0.214511    0.975595
0.566	-8.88985e-19    0.0474032     0.214029     0.975677
0.568	1.77782e-18   0.0479115    0.213542    0.975758
0.57	1.77767e-18   0.0484234    0.213052     0.97584
0.572	        0 0.0489391  0.212558  0.975922
0.574	-1.77737e-18    0.0494584     0.212061     0.976004
0.576	        0 0.0499814   0.21156  0.976086
0.578	        0 0.0505081  0.211055  0.976168
0.58	8.88462e-19   0.0510385    0.210547     0.97625
0.582	-8.88387e-19    0.0515726     0.210035     0.976333
0.584	        0 0.0521105  0.209519  0.976415
0.586	        0 0.0526522  0.208999  0.976497
0.588	-1.77633e-18    0.0531976     0.208476      0.97658
0.59	-8.88088e-19    0.0537468     0.207949     0.976662
0.592	-8.88013e-19    0.0542998     0.207418     0.976744
0.594	8.87938e-19   0.0548566    0.206883    0.976827
0.596	8.87864e-19   0.0554173    0.206345    0.976909
0.598	1.77558e-18   0.0559818    0.205802    0.976991
0.6	1.77543e-18   0.0565501    0.205256    0.977073
0.602	1.77528e-18   0.0571223    0.204706    0.977155
0.604	1.77513e-18   0.0576983    0.204152    0.977237
0.606	8.87491e-19   0.0582783    0.203594    0.977319
0.608	3.54966e-18   0.0588621    0.203032    0.977401
0.61	1.77468e-18   0.0594499    0.202466    0.977483
0.612	1.77454e-18   0.0600416    0.201896    0.977565
0.614	8.87194e-19   0.0606372    0.201322    0.977646
0.616	8.8712e-19  0.0612368   0.200745   0.977728
0.618	        0 0.0618404  0.200163  0.977809
0.62	1.77395e-18   0.0624479    0.199577     0.97789
0.622	1.7738e-18  0.0630594   0.198987   0.977971
0.624	-1.77365e-18    0.0636749     0.198393     0.978052
0.626	2.66026e-18   0.0642944    0.197795    0.978133
0.628	8.8668e-19  0.0649179   0.197193   0.978213
0.63	3.54643e-18   0.0655455    0.196587    0.978293
0.632	1.77307e-18   0.0661772    0.195977    0.978373
0.634	        0 0.0668129  0.195363  0.978453
0.636	2.65917e-18   0.0674526    0.194744    0.978532
0.638	5.31791e-18   0.0680965    0.194122    0.978611
0.64	1.7725e-18  0.0687444   0.193495    0.97869
0.642	        0 0.0693965  0.192864  0.978768
0.644	7.08885e-18   0.0700527    0.192229    0.978847
0.646	3.54414e-18    0.070713    0.191589    0.978925
0.648	8.85965e-19   0.0713775    0.190945    0.979002
0.65	5.31537e-18   0.0720461    0.190297    0.979079
0.652	5.31495e-18   0.0727189    0.189645    0.979156
0.654	1.77151e-18   0.0733959    0.188989    0.979233
0.656	1.77138e-18    0.074077    0.188328    0.979309
0.658	1.77124e-18   0.0747624    0.187663    0.979384
0.66	3.54221e-18    0.075452    0.186993    0.979459
0.662	2.65645e-18   0.0761458     0.18632    0.979534
0.664	4.42708e-18   0.0768439    0.185641    0.979608
0.666	3.5414e-18  0.0775462   0.184959   0.979682
0.668	1.77057e-18   0.0782527    0.184272    0.979755
0.67	-1.77044e-18    0.0789636     0.183581     0.979828
0.672	4.42577e-18   0.0796787    0.182885      0.9799
0.674	9.73597e-18   0.0803981    0.182185    0.979972
0.676	        0 0.0811218   0.18148  0.980043
0.678	1.76992e-18   0.0818499    0.180771    0.980114
0.68	-1.76979e-18    0.0825822     0.180057     0.980183
0.682	        0 0.0833189  0.179339  0.980253
0.684	3.53909e-18     0.08406    0.178616    0.980321
0.686	-1.76942e-18    0.0848054     0.177889     0.980389
0.688	        0 0.0855552  0.177157  0.980457
0.69	1.76918e-18   0.0863093    0.176421    0.980523
0.692	3.53812e-18   0.0870679     0.17568    0.980589
0.694	1.76894e-18   0.0878308    0.174935    0.980655
0.696	        0 0.0885982  0.174185  0.980719
0.698	-8.84357e-19      0.08937      0.17343     0.980783
0.7	        0 0.0901462  0.172671  0.980846
0.702	        0 0.0909268  0.171907  0.980908
0.704	1.76838e-18   0.0917119    0.171138    0.980969
0.706	-1.76827e-18    0.0925015     0.170365      0.98103
0.708	        0 0.0932955  0.169587  0.981089
0.71	3.53611e-18    0.094094    0.168804    0.981148
0.712	1.76795e-18    0.094897    0.168016    0.981206
0.714	        0 0.0957045  0.167224  0.981263
0.716	5.30324e-18   0.0965165    0.166427    0.981319
0.718	1.76765e-18    0.097333    0.165625    0.981374
0.72	        0 0.0981541  0.164819  0.981428
0.722	3.53491e-18   0.0989796    0.164007    0.981481
0.724	-1.76736e-18    0.0998098     0.163191     0.981533
0.726	1.76727e-18    0.100644     0.16237    0.981584
0.728	       0 0.101484 0.161544 0.981634
0.73	1.76709e-18    0.102327    0.160714    0.981682
0.732	3.53401e-18    0.103176    0.159878     0.98173
0.734	-1.76692e-18     0.104029     0.159037     0.981777
0.736	       0 0.104886 0.158192 0.981822
0.738	3.53352e-18    0.105748    0.157342    0.981866
0.74	-1.76668e-18     0.106615     0.156487     0.981909
0.742	       0 0.107486 0.155626 0.981951
0.744	       0 0.108362 0.154761 0.981991
0.746	-3.53293e-18     0.109243     0.153891      0.98203
0.748	7.06559e-18    0.110128    0.153016    0.982068
0.75	1.76633e-18    0.111018    0.152136    0.982105
0.752	3.53254e-18    0.111913    0.151251     0.98214
0.754	3.53242e-18    0.112812    0.150361    0.982174
0.756	3.5323e-18   0.113716   0.149466   0.982206
0.758	       0 0.114624 0.148565 0.982237
0.76	8.83021e-18    0.115537     0.14766    0.982267
0.762	1.76599e-18    0.116455     0.14675    0.982295
0.764	3.53189e-18    0.117378    0.145834    0.982321
0.766	1.7659e-18   0.118305   0.144914   0.982346
0.768	3.53171e-18    0.119237    0.143988     0.98237
0.77	5.29745e-18    0.120174    0.143057    0.982391
0.772	-3.53156e-18     0.121115     0.142121     0.982412
0.774	       0 0.122061  0.14118  0.98243
0.776	       0 0.123012 0.140234 0.982447
0.778	1.76569e-18    0.123967    0.139283    0.982462
0.78	       0 0.124928 0.138326 0.982476
0.782	       0 0.125892 0.137364 0.982488
0.784	3.53125e-18    0.126862    0.136397    0.982498
0.786	-3.53122e-18     0.127837     0.135425     0.982506
0.788	1.7656e-18   0.128816   0.134448   0.982512
0.79	-3.53118e-18       0.1298     0.133465     0.982517
0.792	       0 0.130788 0.132477 0.982519
0.794	3.53117e-18    0.131782    0.131484     0.98252
0.796	       0  0.13278 0.130485 0.982519
0.798	3.53119e-18    0.133783    0.129481    0.982516
0.8	1.23592e-17    0.134791    0.128472     0.98251
0.802	-1.76562e-18     0.135803     0.127458     0.982503
0.804	7.06253e-18     0.13682    0.126438    0.982494
0.806	       0 0.137842 0.125413 0.982482
0.808	1.76568e-18    0.138869    0.124383    0.982469
0.81	       0   0.1399 0.123347 0.982453
0.812	3.53148e-18    0.140937    0.122306    0.982435
0.814	8.82888e-18    0.141978    0.121259    0.982415
0.816	1.23607e-17    0.143024    0.120208    0.982392
0.818	3.53172e-18    0.144074     0.11915    0.982367
0.82	       0  0.14513 0.118088  0.98234
0.822	5.29788e-18     0.14619     0.11702    0.982311
0.824	3.53204e-18    0.147255    0.115946    0.982279
0.826	7.06432e-18    0.148324    0.114867    0.982245
0.828	       0 0.149399 0.113783 0.982208
0.83	3.53243e-18    0.150478    0.112693    0.982169
0.832	       0 0.151562 0.111598 0.982128
0.834	8.83185e-18    0.152651    0.110498    0.982083
0.836	8.83227e-18    0.153744    0.109392    0.982037
0.838	7.06617e-18    0.154843     0.10828    0.981987
0.84	8.83319e-18    0.155946    0.107163    0.981935
0.842	3.53347e-18    0.157053    0.106041    0.981881
0.844	8.83419e-18    0.158166    0.104913    0.981823
0.846	       0 0.159283 0.103779 0.981763
0.848	8.8353e-18   0.160405    0.10264     0.9817
0.85	       0 0.161532 0.101496 0.981634
0.852	5.30191e-18    0.162664    0.100346    0.981566
0.854	8.83716e-18      0.1638   0.0991906    0.981494
0.856	7.07026e-18    0.164941   0.0980297     0.98142
0.858	3.53541e-18    0.166087   0.0968632    0.981342
0.86	1.76785e-18    0.167237   0.0956912    0.981262
0.862	5.304e-18  0.168392 0.0945137  0.981178
0.864	        0  0.169552 0.0933306  0.981092
0.866	5.30495e-18    0.170717    0.092142    0.981002
0.868	5.30545e-18    0.171886   0.0909479     0.98091
0.87	1.76866e-18     0.17306   0.0897482    0.980814
0.872	1.76884e-18    0.174239    0.088543    0.980715
0.874	1.06141e-17    0.175422   0.0873322    0.980612
0.876	1.14999e-17     0.17661   0.0861159    0.980506
0.878	9.73175e-18    0.177803   0.0848941    0.980397
0.88	5.30883e-18       0.179   0.0836667    0.980285
0.882	-7.07928e-18     0.180202    0.0824337     0.980169
0.884	        0  0.181408 0.0811952   0.98005
0.886	-1.77026e-18      0.18262    0.0799511     0.979927
0.888	3.54097e-18    0.183835   0.0787015    0.979801
0.89	-3.54144e-18     0.185056    0.0774463     0.979672
0.892	7.08384e-18    0.186281   0.0761855    0.979538
0.894	3.54242e-18    0.187511   0.0749192    0.979401
0.896	1.15145e-17    0.188745   0.0736474    0.979261
0.898	       0 0.189983  0.07237 0.979116
0.9	       0 0.191227 0.071087 0.978968
0.902	        0  0.192475 0.0697985  0.978816
0.904	7.97647e-18    0.193727   0.0685045    0.978661
0.906	3.54567e-18    0.194984   0.0672049    0.978501
0.908	3.54627e-18    0.196245   0.0658997    0.978338
0.91	       0 0.197511 0.064589 0.978171
0.912	7.09499e-18    0.198781   0.0632728    0.977999
0.914	7.09626e-18    0.200056   0.0619511    0.977824
0.916	1.06463e-17    0.201335   0.0606238    0.977645
0.918	       0 0.202619 0.059291 0.977461
0.92	7.10026e-18    0.203907   0.0579527    0.977273
0.922	3.55083e-18    0.205199   0.0566088    0.977082
0.924	3.55154e-18    0.206496   0.0552595    0.976886
0.926	        0  0.207797 0.0539047  0.976685
0.928	-1.0659e-17    0.209103   0.0525443    0.976481
0.93	        0  0.210413 0.0511785  0.976272
0.932	        0  0.211727 0.0498072  0.976059
0.934	        0  0.213045 0.0484304  0.975841
0.936	1.06684e-17    0.214368   0.0470482    0.975619
0.938	        0  0.215695 0.0456605  0.975393
0.94	        0  0.217026 0.0442673  0.975161
0.942	-3.55868e-18     0.218362    0.0428688     0.974926
0.944	1.06787e-17    0.219701   0.0414647    0.974686
0.946	3.56045e-18    0.221045   0.0400553    0.974441
0.948	1.06841e-17    0.222393   0.0386405    0.974191
0.95	3.56229e-18    0.223745   0.0372202    0.973937
0.952	        0  0.225102 0.0357946  0.973678
0.954	1.06926e-17    0.226462   0.0343636    0.973414
0.956	7.13038e-18    0.227826   0.0329272    0.973145
0.958	1.06986e-17    0.229195   0.0314855    0.972871
0.96	7.13443e-18    0.230567   0.0300384    0.972593
0.962	       0 0.231943 0.028586 0.972309
0.964	-3.56931e-18     0.233324    0.0271283     0.972021
0.966	-4.01669e-18     0.234708    0.0256654     0.971727
0.968	3.57149e-18    0.236096   0.0241971    0.971428
0.97	7.14522e-18    0.237488   0.0227235    0.971125
0.972	7.14749e-18    0.238885   0.0212447    0.970816
0.974	        0  0.240284 0.0197607  0.970501
0.976	7.15216e-18    0.241688   0.0182715    0.970182
0.978	3.57728e-18    0.243095    0.016777    0.969857
0.98	7.38064e-18    0.244507   0.0152774    0.969527
0.982	7.3832e-18   0.245922  0.0137726   0.969192
0.984	1.4324e-17    0.24734  0.0122626   0.968851
0.986	1.09707e-17    0.248763   0.0107475    0.968505
0.988	3.58357e-18    0.250189  0.00922735    0.968153
0.99	         0   0.251618 0.00770207   0.967796
0.992	         0   0.253051 0.00617171   0.967433
0.994	1.07628e-17    0.254488  0.00463631    0.967065
0.996	-7.17799e-18     0.255928   0.00309587     0.966691
0.998	-3.5904e-18    0.257372  0.00155043    0.966311
1	-1.33868e-16     0.258819   -4.996e-16     0.965926
1.002	-0.000403037     0.260121  -0.00150416     0.965575
1.004	-0.000808291     0.261429  -0.00301658     0.965218
1.006	-0.00121574    0.262743 -0.00453722    0.964854
1.008	-0.00162538    0.264063 -0.00606601    0.964485
1.01	-0.00203719    0.265389  -0.0076029    0.964109
1.012	-0.00245115    0.266721 -0.00914781    0.963727
1.014	-0.00286724    0.268058  -0.0107007    0.963339
1.016	-0.00328545      0.2694  -0.0122615    0.962945
1.018	-0.00370577    0.270748  -0.0138301    0.962544
1.02	-0.00412817    0.272102  -0.0154065    0.962136
1.022	-0.00455263    0.273461  -0.0169906    0.961722
1.024	-0.00497914    0.274825  -0.0185824    0.961302
1.026	-0.00540768    0.276194  -0.0201818    0.960875
1.028	-0.00583824    0.277568  -0.0217886    0.960441
1.03	-0.00627079    0.278947  -0.0234029    0.960001
1.032	-0.00670531    0.280331  -0.0250246    0.959554
1.034	-0.00714179    0.281719  -0.0266535      0.9591
1.036	-0.00758021    0.283113  -0.0282897    0.958639
1.038	-0.00802054     0.28451  -0.0299331    0.958172
1.04	-0.00846277    0.285913  -0.0315835    0.957698
1.042	-0.00890688     0.28732  -0.0332409    0.957216
1.044	-0.00935284    0.288731  -0.0349053    0.956728
1.046	-0.00980065    0.290146  -0.0365765    0.956233
1.048	-0.0102503   0.291565 -0.0382545   0.955731
1.05	-0.0107017   0.292988 -0.0399392   0.955222
1.052	-0.0111549   0.294416 -0.0416305   0.954705
1.054	-0.0116098   0.295847 -0.0433284   0.954182
1.056	-0.0120665   0.297281 -0.0450327   0.953651
1.058	-0.0125249    0.29872 -0.0467434   0.953113
1.06	-0.0129849   0.300162 -0.0484604   0.952568
1.062	-0.0134467   0.301607 -0.0501837   0.952016
1.064	 -0.01391  0.303056 -0.051913  0.951456
1.066	 -0.014375   0.304508 -0.0536484   0.950889
1.068	-0.0148416   0.305963 -0.0553898   0.950315
1.07	-0.0153098   0.307421  -0.057137   0.949733
1.072	-0.0157795   0.308882   -0.05889   0.949144
1.074	-0.0162508   0.310345 -0.0606487   0.948548
1.076	-0.0167235   0.311812  -0.062413   0.947944
1.078	-0.0171977   0.313281 -0.0641828   0.947333
1.08	-0.0176734   0.314753 -0.0659581   0.946714
1.082	-0.0181505   0.316227 -0.0677387   0.946088
1.084	 -0.018629   0.317703 -0.0695245   0.945455
1.086	-0.0191089   0.319181 -0.0713155   0.944813
1.088	-0.0195902   0.320662 -0.0731115   0.944165
1.09	-0.0200727   0.322144 -0.0749125   0.943508
1.092	-0.0205566   0.323629 -0.0767183   0.942845
1.094	-0.0210418   0.325115  -0.078529   0.942173
1.096	-0.0215282   0.326603 -0.0803442   0.941494
1.098	-0.0220158   0.328092 -0.0821641   0.940808
1.1	-0.0225046   0.329583 -0.0839884   0.940114
1.102	-0.0229946   0.331075 -0.0858171   0.939412
1.104	-0.0234858   0.332569   -0.08765   0.938703
1.106	 -0.023978   0.334063 -0.0894872   0.937987
1.108	-0.0244714   0.335559 -0.0913284   0.937262
1.11	-0.0249658   0.337056 -0.0931735    0.93653
1.112	-0.0254612   0.338553 -0.0950225   0.935791
1.114	-0.0259577   0.340051 -0.0968753   0.935044
1.116	-0.0264551   0.341549 -0.0987317   0.934289
1.118	-0.0269535   0.343048  -0.100592   0.933527
1.12	-0.0274528   0.344548  -0.102455   0.932757
1.122	-0.027953  0.346047 -0.104322   0.93198
1.124	-0.028454  0.347547 -0.106192  0.931195
1.126	-0.0289559   0.349047  -0.108065   0.930403
1.128	-0.0294586   0.350546  -0.109941   0.929603
1.13	-0.0299621   0.352046   -0.11182   0.928796
1.132	-0.0304663   0.353545  -0.113702   0.927981
1.134	-0.0309712   0.355044  -0.115586   0.927159
1.136	-0.0314769   0.356542  -0.117473    0.92633
1.138	-0.0319832    0.35804  -0.119363   0.925493
1.14	-0.0324901   0.359537  -0.121255   0.924649
1.142	-0.0329976   0.361032  -0.123149   0.923797
1.144	-0.0335057   0.362527  -0.125045   0.922938
1.146	-0.0340143   0.364021  -0.126943   0.922072
1.148	-0.0345235   0.365514  -0.128843   0.921199
1.15	-0.0350331   0.367006  -0.130745   0.920318
1.152	-0.0355432   0.368496  -0.132649    0.91943
1.154	-0.0360536   0.369984  -0.134554   0.918535
1.156	-0.0365645   0.371471  -0.136461   0.917633
1.158	-0.0370757   0.372956  -0.138368   0.916724
1.16	-0.0375873   0.374439  -0.140278   0.915808
1.162	-0.0380991    0.37592  -0.142188   0.914885
1.164	-0.0386112     0.3774  -0.144099   0.913955
1.166	-0.0391236   0.378877  -0.146011   0.913018
1.168	-0.0396361   0.380351  -0.147924   0.912075
1.17	-0.0401488   0.381824  -0.149837   0.911124
1.172	-0.0406617   0.383293  -0.151751   0.910167
1.174	-0.0411746   0.384761  -0.153666   0.909203
1.176	-0.0416876   0.386225   -0.15558   0.908233
1.178	-0.0422007   0.387687  -0.157495   0.907256
1.18	-0.0427138   0.389145   -0.15941   0.906273
1.182	-0.0432269   0.390601  -0.161325   0.905283
1.184	-0.0437399   0.392053   -0.16324   0.904286
1.186	-0.0442528   0.393503  -0.165154   0.903284
1.188	-0.0447657   0.394949  -0.167068   0.902275
1.19	-0.0452784   0.396391  -0.168981    0.90126
1.192	-0.0457909    0.39783  -0.170894   0.900239
1.194	-0.0463032   0.399265  -0.172806   0.899212
1.196	-0.0468152   0.400696  -0.174717   0.898179
1.198	-0.047327  0.402124 -0.176627   0.89714
1.2	-0.0478385   0.403547  -0.178536   0.896095
1.202	-0.0483497   0.404967  -0.180444   0.895044
1.204	-0.0488605   0.406382   -0.18235   0.893988
1.206	-0.0493709   0.407793  -0.184255   0.892926
1.208	-0.0498809     0.4092  -0.186158   0.891859
1.21	-0.0503905   0.410602   -0.18806   0.890786
1.212	-0.0508995      0.412   -0.18996   0.889708
1.214	-0.0514081   0.413392  -0.191857   0.888625
1.216	-0.051916  0.414781 -0.193753  0.887537
1.218	-0.0524235   0.416164  -0.195647   0.886443
1.22	-0.0529303   0.417542  -0.197538   0.885345
1.222	-0.0534364   0.418915  -0.199427   0.884242
1.224	-0.0539419   0.420284  -0.201314   0.883133
1.226	-0.0544467   0.421646  -0.203198   0.882021
1.228	-0.0549508   0.423004  -0.205079   0.880903
1.23	-0.0554541   0.424356  -0.206957   0.879781
1.232	-0.0559566   0.425703  -0.208833   0.878655
1.234	-0.0564583   0.427044  -0.210705   0.877525
1.236	-0.0569592   0.428379  -0.212575    0.87639
1.238	-0.0574591   0.429709   -0.21444   0.875251
1.24	-0.0579582   0.431032  -0.216303   0.874108
1.242	-0.0584563    0.43235  -0.218162   0.872961
1.244	-0.0589535   0.433662  -0.220018   0.871811
1.246	-0.0594497   0.434967  -0.221869   0.870657
1.248	-0.0599448   0.436267  -0.223717   0.869499
1.25	-0.0604389    0.43756  -0.225561   0.868338
1.252	-0.060932  0.438847 -0.227401  0.867173
1.254	-0.0614239   0.440127  -0.229237   0.866006
1.256	-0.0619147   0.441401  -0.231069   0.864835
1.258	-0.0624043   0.442668  -0.232896   0.863661
1.26	-0.0628927   0.443929  -0.234719   0.862484
1.262	-0.0633799   0.445183  -0.236537   0.861305
1.264	-0.0638659    0.44643  -0.238351   0.860122
1.266	-0.0643505    0.44767   -0.24016   0.858938
1.268	-0.0648339   0.448903  -0.241964   0.857751
1.27	-0.065316  0.450129 -0.243763  0.856561
1.272	-0.0657967   0.451348  -0.245557    0.85537
1.274	-0.066276   0.45256 -0.247346  0.854176
1.276	-0.066754  0.453764 -0.249129  0.852981
1.278	-0.0672305   0.454961  -0.250908   0.851784
1.28	-0.0677055   0.456151   -0.25268   0.850585
1.282	-0.0681791   0.457334  -0.254448   0.849384
1.284	-0.0686511   0.458508   -0.25621   0.848183
1.286	-0.0691217   0.459676  -0.257966    0.84698
1.288	-0.0695906   0.460835  -0.259716   0.845775
1.29	-0.070058  0.461987  -0.26146   0.84457
1.292	-0.0705238   0.463131  -0.263198   0.843364
1.294	-0.070988  0.464267 -0.264931  0.842157
1.296	-0.0714505   0.465396  -0.266657   0.840949
1.298	-0.0719113   0.466516  -0.268377   0.839741
1.3	-0.0723705   0.467629   -0.27009   0.838533
1.302	-0.0728279   0.468733  -0.271797   0.837324
1.304	-0.0732836   0.469829  -0.273498   0.836115
1.306	-0.0737375   0.470918  -0.275192   0.834906
1.308	-0.0741896   0.471997  -0.276879   0.833698
1.31	-0.0746399   0.473069   -0.27856    0.83249
1.312	-0.0750884   0.474132  -0.280234   0.831282
1.314	-0.075535  0.475187   -0.2819  0.830074
1.316	-0.0759797   0.476234   -0.28356   0.828868
1.318	-0.0764226   0.477272  -0.285213   0.827662
1.32	-0.0768635   0.478301  -0.286859   0.826457
1.322	-0.0773025   0.479322  -0.288497   0.825254
1.324	-0.0777396   0.480335  -0.290128   0.824051
1.326	-0.0781747   0.481338  -0.291752   0.822851
1.328	-0.0786077   0.482333  -0.293368   0.821651
1.33	-0.0790388    0.48332  -0.294977   0.820453
1.332	-0.0794678   0.484297  -0.296578   0.819257
1.334	-0.0798948   0.485266  -0.298171   0.818063
1.336	-0.0803197   0.486226  -0.299757   0.816872
1.338	-0.0807425   0.487176  -0.301335   0.815682
1.34	-0.0811632   0.488118  -0.302905   0.814495
1.342	-0.0815818   0.489051  -0.304467    0.81331
1.344	-0.0819982   0.489975  -0.306022   0.812128
1.346	-0.0824125    0.49089  -0.307568   0.810948
1.348	-0.0828246   0.491796  -0.309106   0.809772
1.35	-0.0832345   0.492693  -0.310635   0.808598
1.352	-0.0836422   0.493581  -0.312157   0.807428
1.354	-0.0840476   0.494459   -0.31367   0.806261
1.356	-0.0844509   0.495328  -0.315175   0.805098
1.358	-0.0848518   0.496188  -0.316671   0.803938
1.36	-0.0852505   0.497039  -0.318159   0.802782
1.362	-0.0856469    0.49788  -0.319638    0.80163
1.364	-0.0860409   0.498712  -0.321109   0.800482
1.366	-0.0864327   0.499535  -0.322571   0.799338
1.368	-0.0868221   0.500349  -0.324025   0.798199
1.37	-0.0872092   0.501152  -0.325469   0.797064
1.372	-0.0875939   0.501947  -0.326905   0.795933
1.374	-0.0879762   0.502732  -0.328332   0.794807
1.376	-0.0883562   0.503508   -0.32975   0.793687
1.378	-0.0887337   0.504274  -0.331159   0.792571
1.38	-0.0891088    0.50503  -0.332558    0.79146
1.382	-0.0894814   0.505777  -0.333949   0.790354
1.384	-0.0898517   0.506515  -0.335331   0.789254
1.386	-0.0902194   0.507243  -0.336703    0.78816
1.388	-0.0905847   0.507961  -0.338067   0.787071
1.39	-0.0909475    0.50867  -0.339421   0.785988
1.392	-0.0913078   0.509369  -0.340765   0.784911
1.394	-0.0916656   0.510058  -0.342101    0.78384
1.396	-0.0920209   0.510737  -0.343427   0.782776
1.398	-0.0923736   0.511407  -0.344743   0.781717
1.4	-0.0927238   0.512068   -0.34605   0.780665
1.402	-0.0930715   0.512718  -0.347347    0.77962
1.404	-0.0934165   0.513359  -0.348635   0.778582
1.406	-0.093759   0.51399 -0.349913   0.77755
1.408	-0.0940989   0.514611  -0.351182   0.776526
1.41	-0.0944362   0.515222  -0.352441   0.775509
1.412	-0.0947709   0.515823   -0.35369   0.774499
1.414	-0.095103  0.516415 -0.354929  0.773496
1.416	-0.0954324   0.516997  -0.356159   0.772501
1.418	-0.0957592   0.517569  -0.357378   0.771514
1.42	-0.0960834   0.518131  -0.358588   0.770534
1.422	-0.0964048   0.518683  -0.359788   0.769563
1.424	-0.0967236   0.519225  -0.360978   0.768599
1.426	-0.0970398   0.519757  -0.362157   0.767644
1.428	-0.0973532    0.52028  -0.363327   0.766697
1.43	-0.097664  0.520792 -0.364487  0.765759
1.432	-0.097972  0.521294 -0.365636  0.764829
1.434	-0.0982773   0.521787  -0.366776   0.763908
1.436	-0.0985799   0.522269  -0.367905   0.762996
1.438	-0.0988797   0.522742  -0.369024   0.762093
1.44	-0.0991768   0.523204  -0.370133   0.761198
1.442	-0.0994711   0.523656  -0.371231   0.760314
1.444	-0.0997627   0.524099   -0.37232   0.759438
1.446	-0.100052  0.524531 -0.373397  0.758572
1.448	-0.100338  0.524953 -0.374465  0.757715
1.45	-0.100621  0.525365 -0.375522  0.756869
1.452	-0.100901  0.525767 -0.376568  0.756032
1.454	-0.101179  0.526159 -0.377605  0.755205
1.456	-0.101454  0.526541  -0.37863  0.754388
1.458	-0.101726  0.526912 -0.379645  0.753581
1.46	-0.101995  0.527274  -0.38065  0.752785
1.462	-0.102261  0.527625 -0.381644  0.751999
1.464	-0.102525  0.527966 -0.382627  0.751224
1.466	-0.102785  0.528297   -0.3836  0.750459
1.468	-0.103043  0.528617 -0.384561  0.749705
1.47	-0.103298  0.528928 -0.385513  0.748963
1.472	 -0.10355  0.529228 -0.386453  0.748231
1.474	-0.103799  0.529518 -0.387383   0.74751
1.476	-0.104045  0.529797 -0.388302  0.746801
1.478	-0.104288  0.530067  -0.38921  0.746103
1.48	-0.104529  0.530326 -0.390107  0.745416
1.482	-0.104766  0.530574 -0.390993  0.744741
1.484	-0.105001  0.530812 -0.391868  0.744078
1.486	-0.105232   0.53104 -0.392732  0.743427
1.488	-0.105461  0.531258 -0.393586  0.742788
1.49	-0.105687  0.531465 -0.394428   0.74216
1.492	-0.105909  0.531662 -0.395259  0.741545
1.494	-0.106129  0.531848 -0.396079  0.740943
1.496	-0.106346  0.532024 -0.396888  0.740352
1.498	 -0.10656  0.532189 -0.397686  0.739775
1.5	 -0.10677  0.532344 -0.398472  0.739209
1.502	-0.106978  0.532488 -0.399247  0.738657
1.504	-0.107183  0.532621 -0.400011  0.738117
1.506	-0.107384  0.532744 -0.400764  0.737591
1.508	-0.107583  0.532857 -0.401506  0.737077
1.51	-0.107779  0.532959 -0.402236  0.736577
1.512	-0.107971   0.53305 -0.402954   0.73609
1.514	-0.108161   0.53313 -0.403661  0.735616
1.516	-0.108347    0.5332 -0.404357  0.735156
1.518	 -0.10853  0.533259 -0.405041  0.734709
1.52	-0.108711  0.533307 -0.405714  0.734276
1.522	-0.108888  0.533345 -0.406375  0.733857
1.524	-0.109062  0.533371 -0.407024  0.733452
1.526	-0.109233  0.533387 -0.407662  0.733061
1.528	  -0.1094  0.533392 -0.408288  0.732684
1.53	-0.109565  0.533386 -0.408902  0.732321
1.532	-0.109726  0.533369 -0.409505  0.731973
1.534	-0.109885   0.53334 -0.410095  0.731639
1.536	 -0.11004  0.533301 -0.410674  0.731319
1.538	-0.110192  0.533251 -0.411241  0.731014
1.54	 -0.11034   0.53319 -0.411796  0.730724
1.542	-0.110486  0.533117 -0.412339  0.730449
1.544	-0.110628  0.533034  -0.41287  0.730188
1.546	-0.110767  0.532939 -0.413388  0.729943
1.548	-0.110903  0.532833 -0.413895  0.729713
1.55	-0.111035  0.532715 -0.414389  0.729498
1.552	-0.111164  0.532586 -0.414872  0.729298
1.554	 -0.11129  0.532446 -0.415341  0.729114
1.556	-0.111413  0.532294 -0.415799  0.728945
1.558	-0.111532  0.532131 -0.416244  0.728792
1.56	-0.111648  0.531956 -0.416677  0.728655
1.562	-0.111761   0.53177 -0.417097  0.728533
1.564	 -0.11187  0.531572 -0.417505  0.728427
1.566	-0.111976  0.531362   -0.4179  0.728338
1.568	-0.112078   0.53114 -0.418282  0.728264
1.57	-0.112177  0.530907 -0.418652  0.728206
1.572	-0.112273  0.530662 -0.419009  0.728165
1.574	-0.112365  0.530404 -0.419353   0.72814
1.576	-0.112454  0.530135 -0.419684  0.728132
1.578	-0.112539  0.529854 -0.420002   0.72814
1.58	-0.112621   0.52956 -0.420307  0.728165
1.582	-0.112699  0.529255 -0.420599  0.728206
1.584	-0.112774  0.528937 -0.420878  0.728265
1.586	-0.112845  0.528606 -0.421144   0.72834
1.588	-0.112913  0.528264 -0.421396  0.728432
1.59	-0.112977  0.527909 -0.421635  0.728541
1.592	-0.113037  0.527541 -0.421861  0.728668
1.594	-0.113094  0.527161 -0.422073  0.728811
1.596	-0.113147  0.526768 -0.422272  0.728972
1.598	-0.113197  0.526362 -0.422456   0.72915
1.6	-0.113243  0.525943 -0.422628  0.729346
1.602	-0.113285  0.525512 -0.422785  0.729559
1.604	-0.113323  0.525067 -0.422928   0.72979
1.606	-0.113358  0.524609 -0.423058  0.730039
1.608	-0.113389  0.524138 -0.423173  0.730306
1.61	-0.113416  0.523654 -0.423274   0.73059
1.612	-0.113439  0.523157 -0.423361  0.730892
1.614	-0.113459  0.522646 -0.423434  0.731213
1.616	-0.113474  0.522121 -0.423492  0.731551
1.618	-0.113486  0.521583 -0.423536  0.731908
1.62	-0.113494  0.521031 -0.423565  0.732283
1.622	-0.113498  0.520465  -0.42358  0.732676
1.624	-0.113498  0.519885 -0.423579  0.733088
1.626	-0.113494  0.519292 -0.423564  0.733518
1.628	-0.113486  0.518684 -0.423534  0.733967
1.63	-0.113473  0.518061 -0.423488  0.734434
1.632	-0.113457  0.517425 -0.423428   0.73492
1.634	-0.113437  0.516774 -0.423352  0.735425
1.636	-0.113412  0.516108 -0.423261  0.735949
1.638	-0.113384  0.515427 -0.423154  0.736491
1.64	-0.113351  0.514732 -0.423032  0.737052
1.642	-0.113314  0.514022 -0.422894  0.737633
1.644	-0.113273  0.513297  -0.42274  0.738232
1.646	-0.113227  0.512556  -0.42257  0.738851
1.648	-0.113177    0.5118 -0.422384  0.739488
1.65	-0.113123  0.511029 -0.422182  0.740145
1.652	-0.113065  0.510242 -0.421963  0.740821
1.654	-0.113002  0.509439 -0.421728  0.741517
1.656	-0.112934  0.508621 -0.421477  0.742232
1.658	-0.112862  0.507787 -0.421208  0.742966
1.66	-0.112786  0.506936 -0.420923   0.74372
1.662	-0.112705  0.506069 -0.420621  0.744493
1.664	-0.112619  0.505186 -0.420301  0.745286
1.666	-0.112529  0.504286 -0.419965  0.746098
1.668	-0.112434  0.503369 -0.419611   0.74693
1.67	-0.112335  0.502436 -0.419239  0.747782
1.672	-0.11223 0.501485 -0.41885 0.748653
1.674	-0.112121  0.500518 -0.418443  0.749544
1.676	-0.112007  0.499533 -0.418018  0.750455
1.678	-0.111889   0.49853 -0.417574  0.751386
1.68	-0.111765   0.49751 -0.417113  0.752336
1.682	-0.111636  0.496472 -0.416633  0.753306
1.684	-0.111503  0.495416 -0.416134  0.754296
1.686	-0.111364  0.494342 -0.415617  0.755306
1.688	-0.11122 0.493249 -0.41508 0.756336
1.69	-0.111072  0.492138 -0.414525  0.757385
1.692	-0.110918  0.491009  -0.41395  0.758454
1.694	-0.110758   0.48986 -0.413356  0.759544
1.696	-0.110594  0.488693 -0.412742  0.760653
1.698	-0.110424  0.487506 -0.412108  0.761782
1.7	-0.110249  0.486299 -0.411455  0.762931
1.702	-0.110068  0.485074 -0.410781  0.764099
1.704	-0.109882  0.483828 -0.410087  0.765288
1.706	-0.109691  0.482562 -0.409372  0.766496
1.708	-0.109494  0.481276 -0.408637  0.767724
1.71	-0.109291   0.47997 -0.407881  0.768972
1.712	-0.109083  0.478643 -0.407103  0.770239
1.714	-0.108869  0.477296 -0.406305  0.771526
1.716	-0.108649  0.475927 -0.405484  0.772833
1.718	-0.108424  0.474537 -0.404643   0.77416
1.72	-0.108192  0.473126 -0.403779  0.775505
1.722	-0.107955  0.471693 -0.402893  0.776871
1.724	-0.107712  0.470238 -0.401985  0.778256
1.726	-0.107462  0.468762 -0.401055   0.77966
1.728	-0.107207  0.467263 -0.400102  0.781083
1.73	-0.106945  0.465741 -0.399126  0.782526
1.732	-0.106678  0.464197 -0.398126  0.783988
1.734	-0.106404   0.46263 -0.397104  0.785468
1.736	-0.106123   0.46104 -0.396058  0.786968
1.738	-0.105837  0.459426 -0.394988  0.788486
1.74	-0.105544  0.457789 -0.393894  0.790024
1.742	-0.105244  0.456128 -0.392776   0.79158
1.744	-0.104938  0.454443 -0.391634  0.793154
1.746	-0.104625  0.452733 -0.390467  0.794747
1.748	-0.104306  0.450999 -0.389275  0.796357
1.75	 -0.10398  0.449241 -0.388058  0.797986
1.752	-0.103647  0.447457 -0.386815  0.799633
1.754	-0.103307  0.445648 -0.385547  0.801298
1.756	 -0.10296  0.443814 -0.384254  0.802981
1.758	-0.102607  0.441954 -0.382934   0.80468
1.76	-0.102246  0.440068 -0.381588  0.806397
1.762	-0.101878  0.438156 -0.380216  0.808132
1.764	-0.101504  0.436217 -0.378816  0.809883
1.766	-0.101121  0.434252  -0.37739   0.81165
1.768	-0.100732   0.43226 -0.375937  0.813435
1.77	-0.100335  0.430241 -0.374456  0.815235
1.772	-0.0999311   0.428194  -0.372948   0.817052
1.774	-0.0995195    0.42612  -0.371412   0.818884
1.776	-0.0991003   0.424018  -0.369847   0.820732
1.778	-0.0986736   0.421888  -0.368255   0.822595
1.78	-0.0982392   0.419729  -0.366634   0.824473
1.782	-0.097797  0.417543 -0.364983  0.826366
1.784	-0.0973471   0.415327  -0.363304   0.828274
1.786	-0.0968893   0.413082  -0.361596   0.830195
1.788	-0.0964237   0.410808  -0.359858    0.83213
1.79	-0.09595 0.408505 -0.35809 0.834079
1.792	-0.0954684   0.406172  -0.356293   0.836042
1.794	-0.0949786   0.403809  -0.354465   0.838017
1.796	-0.0944807   0.401416  -0.352607   0.840004
1.798	-0.0939746   0.398992  -0.350718   0.842004
1.8	-0.0934602   0.396538  -0.348798   0.844016
1.802	-0.0929375   0.394054  -0.346847   0.846039
1.804	-0.0924064   0.391538  -0.344865   0.848073
1.806	-0.0918669   0.388991  -0.342852   0.850117
1.808	-0.0913188   0.386412  -0.340807   0.852172
1.81	-0.0907623   0.383802  -0.338729   0.854237
1.812	-0.0901971   0.381161   -0.33662   0.856311
1.814	-0.0896233   0.378487  -0.334479   0.858394
1.816	-0.0890407   0.375781  -0.332305   0.860485
1.818	-0.0884494   0.373043  -0.330098   0.862584
1.82	-0.0878493   0.370272  -0.327858   0.864691
1.822	-0.0872404   0.367468  -0.325586   0.866805
1.824	-0.0866225   0.364632   -0.32328   0.868925
1.826	-0.0859957   0.361763   -0.32094   0.871051
1.828	 -0.08536   0.35886 -0.318568  0.873182
1.83	-0.0847152   0.355925  -0.316161   0.875319
1.832	-0.0840613   0.352956  -0.313721   0.877459
1.834	-0.0833984   0.349953  -0.311247   0.879604
1.836	-0.0827263   0.346917  -0.308739   0.881751
1.838	-0.082045  0.343847 -0.306196  0.883901
1.84	-0.0813545   0.340743  -0.303619   0.886053
1.842	-0.0806548   0.337606  -0.301008   0.888207
1.844	-0.0799459   0.334434  -0.298362   0.890361
1.846	-0.0792277   0.331228  -0.295682   0.892515
1.848	-0.0785001   0.327989  -0.292967   0.894669
1.85	-0.0777633   0.324715  -0.290217   0.896821
1.852	-0.0770171   0.321406  -0.287432   0.898971
1.854	-0.0762616   0.318064  -0.284612   0.901119
1.856	-0.0754968   0.314687  -0.281758   0.903263
1.858	-0.0747225   0.311277  -0.278868   0.905404
1.86	-0.0739389   0.307832  -0.275944   0.907539
1.862	-0.073146  0.304352 -0.272984   0.90967
1.864	-0.0723437   0.300839   -0.26999   0.911794
1.866	-0.071532  0.297292 -0.266961  0.913911
1.868	-0.070711   0.29371 -0.263897   0.91602
1.87	-0.0698806   0.290095  -0.260798   0.918121
1.872	-0.0690409   0.286446  -0.257664   0.920213
1.874	-0.068192  0.282763 -0.254496  0.922294
1.876	-0.0673337   0.279046  -0.251293   0.924365
1.878	-0.0664663   0.275296  -0.248055   0.926425
1.88	-0.0655896   0.271513  -0.244784   0.928472
1.882	-0.0647037   0.267697  -0.241478   0.930505
1.884	-0.0638087   0.263848  -0.238137   0.932525
1.886	-0.0629047   0.259966  -0.234763    0.93453
1.888	-0.0619916   0.256052  -0.231356    0.93652
1.89	-0.0610695   0.252105  -0.227914   0.938493
1.892	-0.0601385   0.248127   -0.22444   0.940448
1.894	-0.0591986   0.244117  -0.220932   0.942386
1.896	-0.0582499   0.240075  -0.217392   0.944305
1.898	-0.0572925   0.236003  -0.213819   0.946204
1.9	-0.0563265   0.231899  -0.210213   0.948082
1.902	-0.0553519   0.227766  -0.206576    0.94994
1.904	-0.0543688   0.223602  -0.202907   0.951775
1.906	-0.0533773   0.219409  -0.199207   0.953587
1.908	-0.0523776   0.215186  -0.195476   0.955375
1.91	-0.0513696   0.210935  -0.191714   0.957138
1.912	-0.0503536   0.206656  -0.187922   0.958876
1.914	-0.0493296   0.202348    -0.1841   0.960588
1.916	-0.0482977   0.198014  -0.180249   0.962272
1.918	-0.047258  0.193652 -0.176369  0.963929
1.92	-0.0462108   0.189264  -0.172461   0.965557
1.922	-0.045156   0.18485 -0.168525  0.967156
1.924	-0.0440939   0.180411  -0.164561   0.968725
1.926	-0.0430246   0.175947   -0.16057   0.970262
1.928	-0.0419482   0.171459  -0.156553   0.971768
1.93	-0.0408648   0.166948   -0.15251   0.973242
1.932	-0.0397747   0.162414  -0.148441   0.974682
1.934	-0.038678  0.157857 -0.144348  0.976088
1.936	-0.0375748   0.153279  -0.140231    0.97746
1.938	-0.0364652    0.14868   -0.13609   0.978797
1.94	-0.0353496   0.144061  -0.131926   0.980098
1.942	-0.034228  0.139422  -0.12774  0.981362
1.944	-0.0331006   0.134765  -0.123533    0.98259
1.946	-0.0319676   0.130089  -0.119305   0.983779
1.948	-0.0308291   0.125397  -0.115056    0.98493
1.95	-0.0296855   0.120687  -0.110788   0.986042
1.952	-0.0285368   0.115962  -0.106501   0.987115
1.954	-0.0273833   0.111222  -0.102196   0.988148
1.956	-0.0262251   0.106468 -0.0978734    0.98914
1.958	-0.0250625     0.1017 -0.0935344   0.990091
1.96	-0.0238956  0.0969199 -0.0891796   0.991001
1.962	-0.0227247  0.0921279 -0.0848097   0.991869
1.964	  -0.02155   0.087325 -0.0804256   0.992694
1.966	-0.0203716  0.0825121 -0.0760279   0.993477
1.968	-0.0191899    0.07769 -0.0716176   0.994217
1.97	-0.0180049  0.0728596 -0.0671954   0.994913
1.972	-0.0168171  0.0680217 -0.0627621   0.995566
1.974	-0.0156264  0.0631771 -0.0583186   0.996174
1.976	-0.0144332  0.0583269 -0.0538656   0.996739
1.978	-0.0132378  0.0534718 -0.0494041   0.997259
1.98	-0.0120402  0.0486128 -0.0449347   0.997734
1.982	-0.0108408  0.0437507 -0.0404585   0.998164
1.984	-0.00963979   0.0388864  -0.0359762    0.998549
1.986	-0.00843736   0.0340209  -0.0314886    0.998889
1.988	-0.00723374   0.0291549  -0.0269967    0.999184
1.99	-0.00602918   0.0242894  -0.0225012    0.999434
1.992	-0.00482389   0.0194253   -0.018003    0.999638
1.994	-0.0036181  0.0145634 -0.0135029   0.999796
1.996	-0.00241204  0.00970462 -0.00900187    0.999909
1.998	-0.00120593  0.00484987 -0.00450061    0.999977
2	-2.96235e-15         -0.5  2.46213e-15     0.866025
2.002	-0.00446863   -0.504036  0.00371347    0.863663
2.004	-0.00897985    -0.50808  0.00746116    0.861231
2.006	-0.0135329   -0.51213  0.0112424   0.858728
2.008	-0.0181268  -0.516184  0.0150566   0.856153
2.01	-0.0227609  -0.520241  0.0189029   0.853507
2.012	-0.0274341  -0.524299  0.0227806   0.850787
2.014	-0.0321454  -0.528357   0.026689   0.847994
2.016	-0.036894 -0.532413 0.0306272  0.845126
2.018	-0.0416787  -0.536465  0.0345943   0.842182
2.02	-0.0464985  -0.540512  0.0385895   0.839163
2.022	-0.0513522  -0.544552  0.0426119   0.836068
2.024	-0.0562386  -0.548584  0.0466604   0.832896
2.026	-0.0611566  -0.552605  0.0507341   0.829647
2.028	-0.0661048  -0.556614   0.054832    0.82632
2.03	-0.071082  -0.56061 0.0589531  0.822915
2.032	-0.0760869   -0.56459  0.0630961   0.819432
2.034	-0.0811181  -0.568552  0.0672601    0.81587
2.036	-0.0861742  -0.572496  0.0714439    0.81223
2.038	-0.0912537  -0.576419  0.0756462   0.808512
2.04	-0.0963552   -0.58032   0.079866   0.804715
2.042	-0.101477 -0.584196 0.0841019   0.80084
2.044	-0.106618 -0.588046 0.0883527  0.796886
2.046	-0.111777 -0.591869 0.0926172  0.792855
2.048	-0.116951 -0.595663 0.0968941  0.788746
2.05	-0.122139 -0.599425  0.101182   0.78456
2.052	 -0.12734 -0.603155   0.10548  0.780297
2.054	-0.132552  -0.60685  0.109785  0.775957
2.056	-0.137773  -0.61051  0.114098  0.771543
2.058	-0.143001 -0.614132  0.118417  0.767053
2.06	-0.148236 -0.617715   0.12274  0.762489
2.062	-0.153474 -0.621257  0.127065  0.757852
2.064	-0.158715 -0.624757  0.131392  0.753143
2.066	-0.163957 -0.628214  0.135719  0.748362
2.068	-0.169198 -0.631625  0.140045  0.743512
2.07	-0.174435  -0.63499  0.144367  0.738592
2.072	-0.179669 -0.638308  0.148686  0.733604
2.074	-0.184896 -0.641576  0.152999   0.72855
2.076	-0.190115 -0.644794  0.157304  0.723431
2.078	-0.195324 -0.647961  0.161602  0.718248
2.08	-0.200522 -0.651075  0.165889  0.713003
2.082	-0.205707 -0.654136  0.170165  0.707697
2.084	-0.210877 -0.657142  0.174429  0.702332
2.086	 -0.21603 -0.660092  0.178679   0.69691
2.088	-0.221166 -0.662985  0.182913  0.691432
2.09	-0.226282 -0.665822  0.187131  0.685901
2.092	-0.231376   -0.6686  0.191331  0.680317
2.094	-0.236448 -0.671319  0.195512  0.674684
2.096	-0.241496 -0.673979  0.199672  0.669002
2.098	-0.246517 -0.676578  0.203811  0.663274
2.1	-0.251512 -0.679117  0.207927  0.657502
2.102	-0.256478 -0.681594   0.21202  0.651687
2.104	-0.261413  -0.68401  0.216087  0.645833
2.106	-0.266317 -0.686364  0.220128   0.63994
2.108	-0.271189 -0.688656  0.224142  0.634011
2.11	-0.276027 -0.690885  0.228127  0.628049
2.112	-0.280829 -0.693051  0.232084  0.622055
2.114	-0.285595 -0.695155   0.23601  0.616031
2.116	-0.290323 -0.697196  0.239906   0.60998
2.118	-0.295013 -0.699174  0.243769  0.603903
2.12	-0.299663  -0.70109    0.2476  0.597804
2.122	-0.304273 -0.702942  0.251397  0.591684
2.124	-0.308841 -0.704733   0.25516  0.585545
2.126	-0.313367 -0.706461  0.258887  0.579389
2.128	 -0.31785 -0.708127  0.262579  0.573219
2.13	-0.322288 -0.709732  0.266235  0.567036
2.132	-0.326682 -0.711276  0.269854  0.560843
2.134	 -0.33103 -0.712758  0.273435  0.554642
2.136	-0.335332 -0.714181  0.276979  0.548435
2.138	-0.339588 -0.715544  0.280484  0.542223
2.14	-0.343796 -0.716847   0.28395   0.53601
2.142	-0.347957 -0.718092  0.287377  0.529796
2.144	-0.352069 -0.719279  0.290764  0.523585
2.146	-0.356133 -0.720409  0.294111  0.517377
2.148	-0.360148 -0.721482  0.297418  0.511174
2.15	-0.364114   -0.7225  0.300685  0.504979
2.152	  0.36803  0.723462 -0.303911 -0.498793
2.154	 0.371896   0.72437 -0.307096 -0.492618
2.156	 0.375713  0.725225 -0.310241 -0.486456
2.158	  0.37948  0.726027 -0.313344 -0.480308
2.16	 0.383196  0.726777 -0.316406 -0.474176
2.162	 0.386863  0.727477 -0.319427 -0.468061
2.164	 0.390479  0.728126 -0.322406 -0.461966
2.166	 0.394045  0.728727 -0.325345 -0.455891
2.168	 0.397561  0.729279 -0.328242 -0.449838
2.17	 0.401026  0.729784 -0.331099 -0.443808
2.172	 0.404442  0.730243 -0.333915 -0.437803
2.174	 0.407809  0.730657 -0.336689 -0.431824
2.176	 0.411125  0.731027 -0.339424 -0.425873
2.178	 0.414392  0.731353 -0.342118 -0.419949
2.18	  0.41761  0.731637 -0.344771 -0.414055
2.182	 0.420779   0.73188 -0.347385 -0.408192
2.184	   0.4239  0.732082 -0.349959 -0.402361
2.186	 0.426972  0.732245 -0.352493 -0.396562
2.188	 0.429996  0.732369 -0.354988 -0.390797
2.19	 0.432973  0.732456 -0.357445 -0.385066
2.192	 0.435902  0.732507 -0.359862 -0.379371
2.194	 0.438785  0.732522 -0.362242 -0.373712
2.196	 0.441621  0.732502 -0.364583  -0.36809
2.198	 0.444411  0.732449 -0.366887 -0.362506
2.2	 0.447155  0.732364 -0.369154 -0.356961
2.202	 0.449855  0.732246 -0.371384 -0.351454
2.204	 0.452509  0.732098 -0.373577 -0.345987
2.206	  0.45512  0.731921 -0.375735 -0.340561
2.208	 0.457687  0.731714 -0.377857 -0.335175
2.21	  0.46021  0.731479 -0.379943  -0.32983
2.212	 0.462691  0.731217 -0.381995 -0.324528
2.214	  0.46513  0.730929 -0.384013 -0.319267
2.216	 0.467527  0.730615 -0.385997 -0.314049
2.218	 0.469883  0.730277 -0.387947 -0.308874
2.22	 0.472198  0.729915 -0.389864 -0.303742
2.222	 0.474473   0.72953 -0.391748 -0.298653
2.224	 0.476709  0.729123 -0.393601 -0.293608
2.226	 0.478906  0.728695 -0.395422 -0.288607
2.228	 0.481064  0.728246 -0.397211  -0.28365
2.23	 0.483184  0.727778  -0.39897 -0.278738
2.232	 0.485268   0.72729 -0.400699  -0.27387
2.234	 0.487314  0.726785 -0.402397 -0.269046
2.236	 0.489324  0.726261 -0.404067 -0.264267
2.238	 0.491298  0.725721 -0.405707 -0.259533
2.24	 0.493238  0.725164 -0.407319 -0.254843
2.242	 0.495142  0.724592 -0.408903 -0.250198
2.244	 0.497013  0.724005 -0.410459 -0.245598
2.246	  0.49885  0.723404 -0.411988 -0.241042
2.248	 0.500654  0.722789  -0.41349 -0.236532
2.25	 0.502426  0.722161 -0.414967 -0.232065
2.252	 0.504165  0.721521 -0.416417 -0.227643
2.254	 0.505874  0.720869 -0.417842 -0.223266
2.256	 0.507551  0.720206 -0.419242 -0.218933
2.258	 0.509198  0.719532 -0.420618 -0.214643
2.26	 0.510816  0.718847  -0.42197 -0.210398
2.262	 0.512404  0.718153 -0.423298 -0.206197
2.264	 0.513963   0.71745 -0.424602 -0.202039
2.266	 0.515494  0.716738 -0.425884 -0.197925
2.268	 0.516997  0.716018 -0.427144 -0.193854
2.27	 0.518473  0.715291 -0.428382 -0.189826
2.272	 0.519922  0.714556 -0.429598 -0.185841
2.274	 0.521345  0.713814 -0.430793 -0.181899
2.276	 0.522742  0.713065 -0.431967 -0.177999
2.278	 0.524113  0.712311 -0.433121 -0.174141
2.28	  0.52546  0.711551 -0.434254 -0.170325
2.282	 0.526781  0.710786 -0.435368  -0.16655
2.284	 0.528079  0.710016 -0.436463 -0.162817
2.286	 0.529354  0.709242 -0.437539 -0.159125
2.288	 0.530605  0.708463 -0.438596 -0.155474
2.29	 0.531833  0.707681 -0.439635 -0.151863
2.292	 0.533039  0.706895 -0.440657 -0.148292
2.294	 0.534223  0.706106  -0.44166 -0.144761
2.296	 0.535386  0.705315 -0.442647  -0.14127
2.298	 0.536527   0.70452 -0.443617 -0.137819
2.3	 0.537648  0.703724  -0.44457 -0.134406
2.302	 0.538748  0.702926 -0.445507 -0.131032
2.304	 0.539829  0.702126 -0.446428 -0.127696
2.306	 0.540889  0.701324 -0.447334 -0.124398
2.308	 0.541931  0.700522 -0.448225 -0.121139
2.31	 0.542954  0.699718   -0.4491 -0.117916
2.312	 0.543958  0.698914 -0.449961 -0.114731
2.314	 0.544945   0.69811 -0.450808 -0.111582
2.316	0.545913 0.697305 -0.45164 -0.10847
2.318	 0.546864    0.6965 -0.452459 -0.105394
2.32	 0.547798  0.695696 -0.453264 -0.102354
2.322	  0.548715   0.694892  -0.454056 -0.0993499
2.324	  0.549616   0.694088  -0.454835 -0.0963806
2.326	    0.5505   0.693285  -0.455601 -0.0934461
2.328	  0.551369   0.692484  -0.456355 -0.0905462
2.33	  0.552222   0.691683  -0.457097 -0.0876805
2.332	   0.55306   0.690884  -0.457827 -0.0848488
2.334	  0.553883   0.690086  -0.458545 -0.0820506
2.336	  0.554691    0.68929  -0.459251 -0.0792857
2.338	  0.555485   0.688495  -0.459947 -0.0765538
2.34	  0.556264   0.687702  -0.460631 -0.0738545
2.342	   0.55703   0.686912  -0.461304 -0.0711876
2.344	  0.557783   0.686123  -0.461967 -0.0685527
2.346	  0.558521   0.685337   -0.46262 -0.0659495
2.348	  0.559247   0.684553  -0.463263 -0.0633778
2.35	   0.55996   0.683772  -0.463895 -0.0608371
2.352	  0.560661   0.682993  -0.464518 -0.0583273
2.354	 0.561349  0.682218 -0.465132 -0.055848
2.356	  0.562025   0.681444  -0.465736 -0.0533989
2.358	  0.562689   0.680674  -0.466331 -0.0509797
2.36	  0.563342   0.679907  -0.466917 -0.0485902
2.362	 0.563983  0.679143 -0.467494  -0.04623
2.364	  0.564613   0.678382  -0.468063 -0.0438988
2.366	  0.565232   0.677624  -0.468623 -0.0415965
2.368	   0.56584    0.67687  -0.469175 -0.0393226
2.37	  0.566438   0.676119  -0.469719 -0.0370769
2.372	  0.567025   0.675372  -0.470256 -0.0348592
2.374	  0.567602   0.674628  -0.470784 -0.0326691
2.376	  0.568169   0.673888  -0.471305 -0.0305064
2.378	  0.568726   0.673152  -0.471819 -0.0283708
2.38	  0.569274   0.672419  -0.472325 -0.0262622
2.382	  0.569812    0.67169  -0.472824 -0.0241801
2.384	   0.57034   0.670965  -0.473317 -0.0221243
2.386	   0.57086   0.670243  -0.473802 -0.0200947
2.388	  0.571371   0.669526  -0.474281 -0.0180909
2.39	  0.571873   0.668813  -0.474754 -0.0161127
2.392	  0.572366   0.668103   -0.47522 -0.0141598
2.394	  0.572851   0.667398   -0.47568 -0.0122321
2.396	  0.573328   0.666697  -0.476134 -0.0103292
2.398	   0.573797       0.666   -0.476582 -0.00845095
2.4	   0.574257    0.665307   -0.477024 -0.00659711
2.402	    0.57471    0.664619    -0.47746 -0.00476744
2.404	   0.575155    0.663934   -0.477891 -0.00296172
2.406	   0.575592    0.663254   -0.478316 -0.00117972
2.408	   0.576022    0.662578   -0.478736 0.000578769
2.41	  0.576445   0.661907  -0.479151 0.00231397
2.412	  0.576861   0.661239   -0.47956 0.00402609
2.414	  0.577269   0.660577  -0.479965 0.00571535
2.416	  0.577671   0.659918  -0.480365 0.00738194
2.418	  0.578066   0.659264   -0.48076 0.00902608
2.42	0.578454 0.658614 -0.48115 0.010648
2.422	 0.578835  0.657969 -0.481536 0.0122478
2.424	 0.579211  0.657328 -0.481917 0.0138257
2.426	 0.579579  0.656692 -0.482294  0.015382
2.428	 0.579942   0.65606 -0.482666 0.0169168
2.43	 0.580299  0.655432 -0.483035 0.0184303
2.432	 0.580649  0.654809 -0.483399 0.0199226
2.434	 0.580994  0.654191 -0.483759 0.0213941
2.436	 0.581333  0.653577 -0.484116 0.0228447
2.438	 0.581666  0.652967 -0.484468 0.0242748
2.44	 0.581994  0.652362 -0.484817 0.0256844
2.442	 0.582316  0.651761 -0.485162 0.0270738
2.444	 0.582632  0.651165 -0.485504  0.028443
2.446	 0.582944  0.650574 -0.485842 0.0297923
2.448	  0.58325  0.649987 -0.486177 0.0311219
2.45	 0.583551  0.649404 -0.486509 0.0324318
2.452	 0.583847  0.648826 -0.486837 0.0337222
2.454	 0.584138  0.648253 -0.487162 0.0349933
2.456	 0.584424  0.647684 -0.487484 0.0362452
2.458	 0.584705  0.647119 -0.487803 0.0374781
2.46	 0.584982   0.64656 -0.488119 0.0386921
2.462	 0.585253  0.646004 -0.488432 0.0398873
2.464	 0.585521  0.645453 -0.488743 0.0410639
2.466	 0.585783  0.644907  -0.48905 0.0422219
2.468	 0.586042  0.644365 -0.489355 0.0433616
2.47	 0.586296  0.643828 -0.489658  0.044483
2.472	 0.586545  0.643295 -0.489958 0.0455863
2.474	 0.586791  0.642766 -0.490255 0.0466716
2.476	0.587032 0.642242 -0.49055 0.047739
2.478	 0.587269  0.641723 -0.490843 0.0487886
2.48	 0.587502  0.641208 -0.491134 0.0498205
2.482	 0.587731  0.640697 -0.491422 0.0508349
2.484	 0.587956  0.640191 -0.491708 0.0518318
2.486	 0.588177  0.639689 -0.491992 0.0528114
2.488	 0.588395  0.639192 -0.492274 0.0537736
2.49	 0.588608  0.638699 -0.492554 0.0547187
2.492	 0.588818  0.638211 -0.492832 0.0556468
2.494	 0.589025  0.637727 -0.493108 0.0565578
2.496	 0.589227  0.637247 -0.493382  0.057452
2.498	 0.589426  0.636772 -0.493655 0.0583294
2.5	 0.589622  0.636302 -0.493926   0.05919
2.502	 0.589814  0.635835 -0.494195  0.060034
2.504	 0.590003  0.635373 -0.494463 0.0608614
2.506	 0.590188  0.634916 -0.494729 0.0616723
2.508	  0.59037  0.634462 -0.494994 0.0624668
2.51	 0.590549  0.634013 -0.495257 0.0632449
2.512	 0.590724  0.633569 -0.495518 0.0640068
2.514	 0.590896  0.633129 -0.495779 0.0647524
2.516	 0.591066  0.632693 -0.496038 0.0654818
2.518	 0.591231  0.632261 -0.496296 0.0661952
2.52	 0.591394  0.631834 -0.496552 0.0668924
2.522	 0.591554  0.631411 -0.496808 0.0675737
2.524	 0.591711  0.630992 -0.497062  0.068239
2.526	 0.591865  0.630578 -0.497315 0.0688884
2.528	 0.592016  0.630168 -0.497567  0.069522
2.53	 0.592163  0.629762 -0.497818 0.0701397
2.532	 0.592308   0.62936 -0.498068 0.0707416
2.534	 0.592451  0.628963 -0.498318 0.0713278
2.536	  0.59259   0.62857 -0.498566 0.0718982
2.538	 0.592726  0.628181 -0.498814  0.072453
2.54	  0.59286  0.627796  -0.49906 0.0729921
2.542	 0.592991  0.627416 -0.499306 0.0735156
2.544	 0.593119  0.627039 -0.499551 0.0740234
2.546	 0.593245  0.626667 -0.499796 0.0745156
2.548	 0.593368  0.626299  -0.50004 0.0749923
2.55	 0.593488  0.625936 -0.500283 0.0754534
2.552	 0.593605  0.625576 -0.500526 0.0758989
2.554	  0.59372  0.625221 -0.500768 0.0763288
2.556	 0.593833   0.62487  -0.50101 0.0767432
2.558	 0.593942  0.624523 -0.501251  0.077142
2.56	  0.59405   0.62418 -0.501492 0.0775253
2.562	 0.594154  0.623841 -0.501733  0.077893
2.564	 0.594256  0.623507 -0.501973 0.0782451
2.566	 0.594356  0.623176 -0.502213 0.0785817
2.568	 0.594453   0.62285 -0.502452 0.0789026
2.57	 0.594547  0.622528 -0.502692 0.0792079
2.572	 0.594639  0.622209 -0.502931 0.0794976
2.574	 0.594729  0.621895  -0.50317 0.0797716
2.576	 0.594816  0.621586 -0.503409 0.0800299
2.578	 0.594901   0.62128 -0.503647 0.0802725
2.58	 0.594983  0.620978 -0.503886 0.0804993
2.582	 0.595063   0.62068 -0.504125 0.0807103
2.584	  0.59514  0.620387 -0.504363 0.0809055
2.586	 0.595215  0.620097 -0.504602 0.0810848
2.588	 0.595288  0.619812 -0.504841 0.0812481
2.59	 0.595358  0.619531  -0.50508 0.0813955
2.592	 0.595425  0.619254 -0.505319 0.0815268
2.594	 0.595491   0.61898 -0.505558 0.0816419
2.596	 0.595553  0.618711 -0.505797 0.0817409
2.598	 0.595614  0.618446 -0.506037 0.0818237
2.6	 0.595672  0.618185 -0.506277 0.0818902
2.602	 0.595727  0.617928 -0.506517 0.0819402
2.604	 0.595781  0.617676 -0.506757 0.0819738
2.606	 0.595831  0.617427 -0.506998 0.0819909
2.608	 0.595879  0.617182 -0.507239 0.0819913
2.61	 0.595925  0.616941 -0.507481  0.081975
2.612	 0.595969  0.616705 -0.507723 0.0819418
2.614	  0.59601  0.616472 -0.507965 0.0818917
2.616	 0.596048  0.616243 -0.508208 0.0818246
2.618	 0.596084  0.616019 -0.508452 0.0817403
2.62	 0.596117  0.615798 -0.508696 0.0816388
2.622	 0.596148  0.615582 -0.508941 0.0815198
2.624	 0.596177   0.61537 -0.509186 0.0813834
2.626	 0.596202  0.615161 -0.509432 0.0812293
2.628	 0.596226  0.614957 -0.509679 0.0810575
2.63	 0.596246  0.614757 -0.509926 0.0808678
2.632	 0.596265  0.614561 -0.510174   0.08066
2.634	  0.59628  0.614369 -0.510423 0.0804339
2.636	 0.596293   0.61418 -0.510673 0.0801896
2.638	 0.596303  0.613996 -0.510923 0.0799267
2.64	  0.59631  0.613817 -0.511175 0.0796451
2.642	 0.596315  0.613641 -0.511427 0.0793446
2.644	 0.596317  0.613469 -0.511681 0.0790251
2.646	 0.596316  0.613301 -0.511935 0.0786864
2.648	 0.596313  0.613137  -0.51219 0.0783282
2.65	 0.596306  0.612978 -0.512446 0.0779504
2.652	 0.596297  0.612822 -0.512703 0.0775528
2.654	 0.596284  0.612671 -0.512962 0.0771351
2.656	 0.596269  0.612523 -0.513221 0.0766972
2.658	 0.596251   0.61238 -0.513482 0.0762388
2.66	 0.596229  0.612241 -0.513743 0.0757597
2.662	 0.596205  0.612106 -0.514006 0.0752595
2.664	 0.596177  0.611975  -0.51427 0.0747382
2.666	 0.596146  0.611848 -0.514536 0.0741954
2.668	 0.596112  0.611725 -0.514802 0.0736309
2.67	 0.596074  0.611607  -0.51507 0.0730443
2.672	 0.596033  0.611492 -0.515339 0.0724355
2.674	0.595989 0.611382 -0.51561 0.071804
2.676	 0.595941  0.611275 -0.515882 0.0711497
2.678	  0.59589  0.611173 -0.516155 0.0704722
2.68	 0.595835  0.611075  -0.51643 0.0697711
2.682	 0.595776  0.610981 -0.516706 0.0690462
2.684	 0.595714  0.610891 -0.516984  0.068297
2.686	 0.595647  0.610806 -0.517263 0.0675234
2.688	 0.595577  0.610724 -0.517544 0.0667248
2.69	 0.595503  0.610647 -0.517826 0.0659009
2.692	 0.595424  0.610574  -0.51811 0.0650513
2.694	 0.595342  0.610505 -0.518395 0.0641757
2.696	 0.595255   0.61044 -0.518682 0.0632736
2.698	 0.595163  0.610379 -0.518971 0.0623445
2.7	 0.595068  0.610323 -0.519261 0.0613881
2.702	 0.594967   0.61027 -0.519553  0.060404
2.704	 0.594862  0.610222 -0.519847 0.0593915
2.706	 0.594752  0.610178 -0.520143 0.0583503
2.708	 0.594637  0.610138  -0.52044 0.0572799
2.71	 0.594517  0.610102 -0.520739 0.0561797
2.712	 0.594391  0.610071  -0.52104 0.0550493
2.714	 0.594261  0.610043 -0.521342  0.053888
2.716	 0.594124   0.61002 -0.521646 0.0526953
2.718	 0.593983  0.610001 -0.521953 0.0514707
2.72	 0.593835  0.609986 -0.522261 0.0502136
2.722	 0.593681  0.609975  -0.52257 0.0489232
2.724	 0.593521  0.609968 -0.522882 0.0475991
2.726	 0.593355  0.609965 -0.523196 0.0462405
2.728	 0.593183  0.609967 -0.523511 0.0448468
2.73	 0.593003  0.609972 -0.523828 0.0434172
2.732	 0.592817  0.609981 -0.524148 0.0419511
2.734	 0.592624  0.609995 -0.524469 0.0404477
2.736	 0.592423  0.610012 -0.524791 0.0389063
2.738	 0.592215  0.610034 -0.525116  0.037326
2.74	 0.591999  0.610059 -0.525443  0.035706
2.742	 0.591775  0.610089 -0.525771 0.0340455
2.744	 0.591542  0.610122 -0.526101 0.0323436
2.746	 0.591301  0.610159 -0.526434 0.0305994
2.748	 0.591052    0.6102 -0.526767 0.0288119
2.75	 0.590793  0.610244 -0.527103 0.0269803
2.752	 0.590524  0.610293  -0.52744 0.0251035
2.754	 0.590246  0.610345  -0.52778 0.0231805
2.756	 0.589958    0.6104  -0.52812 0.0212102
2.758	  0.58966  0.610459 -0.528463 0.0191915
2.76	  0.58935  0.610522 -0.528807 0.0171233
2.762	 0.589029  0.610588 -0.529152 0.0150044
2.764	 0.588697  0.610657 -0.529499 0.0128336
2.766	 0.588353  0.610729 -0.529847 0.0106096
2.768	  0.587996   0.610805  -0.530197 0.00833114
2.77	  0.587626   0.610883  -0.530548 0.00599687
2.772	  0.587243   0.610964    -0.5309 0.00360538
2.774	  0.586847   0.611048  -0.531253 0.00115524
2.776	   0.586435    0.611135   -0.531607 -0.00135506
2.778	   0.586009    0.611224   -0.531962 -0.00392706
2.78	   0.585567    0.611315   -0.532318 -0.00656235
2.782	   0.585109    0.611408   -0.532674 -0.00926261
2.784	  0.584634   0.611504   -0.53303 -0.0120295
2.786	  0.584142   0.611601  -0.533387 -0.0148649
2.788	  0.583632   0.611699  -0.533744 -0.0177706
2.79	  0.583102   0.611799    -0.5341 -0.0207486
2.792	  0.582553     0.6119  -0.534457 -0.0238007
2.794	  0.581984   0.612001  -0.534812 -0.0269291
2.796	  0.581393   0.612103  -0.535167 -0.0301358
2.798	   0.58078   0.612205  -0.535521 -0.0334231
2.8	  0.580144   0.612307  -0.535873 -0.0367934
2.802	  0.579483   0.612408  -0.536224 -0.0402488
2.804	 0.578798  0.612508 -0.536572 -0.043792
2.806	  0.578086   0.612606  -0.536918 -0.0474254
2.808	  0.577346   0.612703  -0.537261 -0.0511518
2.81	  0.576578   0.612797  -0.537601 -0.0549738
2.812	   0.57578   0.612888  -0.537937 -0.0588943
2.814	  0.574951   0.612976  -0.538269 -0.0629163
2.816	  0.574089   0.613059  -0.538596 -0.0670428
2.818	  0.573193   0.613138  -0.538918 -0.0712771
2.82	   0.57226   0.613211  -0.539233 -0.0756223
2.822	  0.57129  0.613277 -0.539542 -0.080082
2.824	  0.570281   0.613336  -0.539843 -0.0846597
2.826	  0.569231   0.613388  -0.540136 -0.0893591
2.828	  0.568138   0.613429  -0.540419 -0.0941841
2.83	  0.566999   0.613461  -0.540693 -0.0991385
2.832	 0.565813  0.613482 -0.540955 -0.104226
2.834	 0.564577   0.61349 -0.541206 -0.109452
2.836	 0.563289  0.613484 -0.541442 -0.114821
2.838	 0.561946  0.613462 -0.541665 -0.120336
2.84	 0.560545  0.613424 -0.541871 -0.126002
2.842	 0.559083  0.613367 -0.542059 -0.131826
2.844	 0.557558   0.61329 -0.542229 -0.137811
2.846	 0.555966  0.613191 -0.542377 -0.143963
2.848	 0.554304  0.613067 -0.542503 -0.150287
2.85	 0.552567  0.612917 -0.542604  -0.15679
2.852	 0.550752  0.612738 -0.542679 -0.163476
2.854	 0.548855  0.612527 -0.542724 -0.170352
2.856	 0.546871  0.612282 -0.542737 -0.177425
2.858	 0.544795  0.611999 -0.542716   -0.1847
2.86	 0.542623  0.611676 -0.542658 -0.192184
2.862	  0.54035  0.611309 -0.542559 -0.199884
2.864	 0.537969  0.610893 -0.542416 -0.207807
2.866	 0.535476  0.610425 -0.542225 -0.215959
2.868	 0.532862  0.609901 -0.541983  -0.22435
2.87	 0.530123  0.609315 -0.541685 -0.232985
2.872	 0.527251  0.608663 -0.541326 -0.241872
2.874	 0.524238  0.607939 -0.540902 -0.251019
2.876	 0.521076  0.607136 -0.540407 -0.260434
2.878	 0.517757   0.60625 -0.539835 -0.270125
2.88	 0.514272  0.605272  -0.53918 -0.280099
2.882	 0.510612  0.604195 -0.538435 -0.290365
2.884	 0.506767  0.603011 -0.537593  -0.30093
2.886	 0.502725  0.601712 -0.536646 -0.311802
2.888	 0.498477  0.600288 -0.535587 -0.322988
2.89	  0.49401   0.59873 -0.534405 -0.334497
2.892	 0.489312  0.597026 -0.533092 -0.346334
2.894	  0.48437  0.595166 -0.531636 -0.358506
2.896	 0.479171  0.593137 -0.530028 -0.371019
2.898	   0.4737  0.590926 -0.528254 -0.383878
2.9	 0.467942  0.588519 -0.526304 -0.397089
2.902	 0.461883  0.585902 -0.524162 -0.410654
2.904	 0.455506  0.583059 -0.521816 -0.424575
2.906	 0.448794  0.579974  -0.51925 -0.438855
2.908	 0.441731  0.576629 -0.516448 -0.453491
2.91	 0.434299  0.573005 -0.513394 -0.468483
2.912	  0.42648  0.569084  -0.51007 -0.483825
2.914	 0.418257  0.564846 -0.506458  -0.49951
2.916	-0.409611 -0.560269  0.502539   0.51553
2.918	-0.400525 -0.555333  0.498293  0.531873
2.92	-0.390981 -0.550015  0.493701  0.548522
2.922	-0.380961 -0.544294  0.488742   0.56546
2.924	 -0.37045 -0.538145  0.483395  0.582663
2.926	-0.359432 -0.531547  0.477639  0.600106
2.928	-0.347894 -0.524478  0.471456  0.617756
2.93	-0.335823 -0.516916  0.464823  0.635579
2.932	-0.32321 -0.50884 0.457723 0.653534
2.934	-0.310048 -0.500231  0.450137  0.671577
2.936	-0.296332 -0.491072  0.442049  0.689658
2.938	-0.282062 -0.481347  0.433446  0.707723
2.94	 -0.26724 -0.471043  0.424315  0.725712
2.942	-0.251875 -0.460152  0.414647  0.743564
2.944	-0.235979 -0.448668  0.404438  0.761211
2.946	-0.219568 -0.436589  0.393684  0.778584
2.948	-0.202666  -0.42392   0.38239  0.795611
2.95	-0.185298 -0.410668  0.370563  0.812219
2.952	  -0.1675 -0.396849  0.358213  0.828335
2.954	-0.149308  -0.38248  0.345359  0.843886
2.956	-0.130766 -0.367587  0.332023  0.858802
2.958	-0.111921 -0.352201  0.318232  0.873016
2.96	-0.0928262  -0.336358   0.304017   0.886465
2.962	-0.0735363  -0.320099   0.289417   0.899092
2.964	-0.0541092  -0.303469   0.274471   0.910848
2.966	-0.0346047  -0.286519   0.259225    0.92169
2.968	-0.0150836  -0.269299   0.243725   0.931584
2.97	0.0043935 -0.251867  0.228022  0.940505
2.972	0.0237669 -0.234277  0.212166  0.948438
2.974	0.0429788 -0.216588  0.196209  0.955377
2.976	0.0619741 -0.198856  0.180203  0.961323
2.978	 0.080701 -0.181136  0.164198   0.96629
2.98	0.0991119 -0.163483  0.148242  0.970296
2.982	 0.117164 -0.145948  0.132384  0.973369
2.984	 0.134818 -0.128578  0.116665  0.975541
2.986	 0.152042 -0.111418  0.101126  0.976853
2.988	  0.168807 -0.0945081   0.085805   0.977348
2.99	  0.185091 -0.0778838  0.0707335   0.977073
2.992	  0.200875 -0.0615768  0.0559409   0.976078
2.994	  0.216147 -0.0456143  0.0414521   0.974414
2.996	  0.230897 -0.0300189  0.0272881   0.972132
2.998	  0.245121 -0.0148093  0.0134662   0.969286
3	    0.258819 -7.95477e-13  7.23072e-13     0.965926
3.002	   0.276958   0.0207309 -0.00912598    0.960615
3.004	  0.295114  0.0417456 -0.0183831   0.954373
3.006	  0.313231  0.0629898 -0.0277474   0.947179
3.008	 0.331252 0.0844049 -0.037193  0.939023
3.01	  0.349115   0.105929 -0.0466927   0.929902
3.012	  0.366763   0.127498 -0.0562179    0.91982
3.014	  0.384137   0.149045 -0.0657396   0.908792
3.016	  0.401179   0.170504 -0.0752279   0.896841
3.018	  0.417836   0.191809 -0.0846537      0.884
3.02	  0.434058   0.212894 -0.0939878   0.870308
3.022	 0.449797  0.233697 -0.103203  0.855814
3.024	 0.465013  0.254157 -0.112271  0.840572
3.026	  0.47967  0.274221 -0.121169  0.824644
3.028	 0.493737  0.293837 -0.129874  0.808095
3.03	  0.50719  0.312959 -0.138366  0.790993
3.032	 0.520011  0.331549 -0.146626  0.773411
3.034	 0.532189  0.349573 -0.154639  0.755421
3.036	 0.543716  0.367003 -0.162394  0.737095
3.038	 0.554592  0.383818 -0.169881  0.718507
3.04	 0.564821  0.400003 -0.177091  0.699724
3.042	 0.574411  0.415547 -0.184021  0.680815
3.044	 0.583374  0.430445 -0.190669  0.661843
3.046	 0.591728  0.444699 -0.197033  0.642868
3.048	  0.59949  0.458311 -0.203115  0.623944
3.05	0.606683  0.47129 -0.20892 0.605123
3.052	 0.613328  0.483648 -0.214451   0.58645
3.054	 0.619451  0.495399 -0.219715  0.567966
3.056	 0.625077  0.506559 -0.224718  0.549708
3.058	0.630231 0.517146 -0.22947 0.531707
3.06	  0.63494  0.527181 -0.233977   0.51399
3.062	 0.63923 0.536683 -0.23825 0.496581
3.064	 0.643125  0.545676 -0.242297    0.4795
3.066	 0.646651   0.55418 -0.246129   0.46276
3.068	 0.649833  0.562218 -0.249754  0.446376
3.07	 0.652692  0.569811 -0.253183  0.430356
3.072	 0.655253  0.576982 -0.256425  0.414707
3.074	0.657535 0.583752 -0.25949 0.399433
3.076	  0.65956  0.590141 -0.262386  0.384536
3.078	 0.661346  0.596171 -0.265122  0.370017
3.08	 0.662911   0.60186 -0.267707  0.355874
3.082	0.664273 0.607228 -0.27015 0.342104
3.084	 0.665447  0.612292 -0.272458  0.328703
3.086	 0.666449  0.617069 -0.274638  0.315667
3.088	 0.667292  0.621577 -0.276699  0.302988
3.09	 0.667989   0.62583 -0.278646  0.290662
3.092	 0.668552  0.629843 -0.280487   0.27868
3.094	 0.668993  0.633631 -0.282227  0.267035
3.096	 0.669322  0.637207 -0.283872   0.25572
3.098	 0.669548  0.640582 -0.285429  0.244725
3.1	  0.66968   0.64377 -0.286902  0.234042
3.102	 0.669727  0.646781 -0.288295  0.223664
3.104	 0.669696  0.649626 -0.289614  0.213581
3.106	 0.669594  0.652314 -0.290863  0.203786
3.108	 0.669428  0.654854 -0.292047  0.194268
3.11	 0.669204  0.657256 -0.293168  0.185021
3.112	 0.668926  0.659528 -0.294231  0.176036
3.114	 0.668601  0.661677 -0.295238  0.167304
3.116	 0.668232   0.66371 -0.296194  0.158818
3.118	 0.667825  0.665635 -0.297101   0.15057
3.12	 0.667382  0.667457 -0.297962  0.142552
3.122	 0.666908  0.669182 -0.298779  0.134757
3.124	 0.666406  0.670817 -0.299555  0.127177
3.126	 0.665879  0.672366 -0.300293  0.119805
3.128	  0.66533  0.673834 -0.300994  0.112636
3.13	 0.664761  0.675226 -0.301661  0.105661
3.132	 0.664174  0.676546 -0.302295 0.0988742
3.134	 0.663573  0.677798 -0.302898   0.09227
3.136	 0.662958  0.678986 -0.303473 0.0858421
3.138	 0.662332  0.680114  -0.30402 0.0795846
3.14	 0.661696  0.681185 -0.304541 0.0734919
3.142	 0.661052  0.682202 -0.305037 0.0675586
3.144	 0.660401  0.683167  -0.30551 0.0617794
3.146	 0.659744  0.684085 -0.305961 0.0561493
3.148	 0.659083  0.684957 -0.306392 0.0506635
3.15	 0.658419  0.685786 -0.306802 0.0453171
3.152	 0.657753  0.686574 -0.307194 0.0401058
3.154	 0.657085  0.687324 -0.307568 0.0350251
3.156	 0.656416  0.688037 -0.307926 0.0300708
3.158	 0.655748  0.688716 -0.308267 0.0252389
3.16	  0.65508  0.689361 -0.308593 0.0205254
3.162	 0.654414  0.689976 -0.308905 0.0159267
3.164	 0.653749  0.690561 -0.309203 0.0114391
3.166	 0.653087  0.691118 -0.309488  0.007059
3.168	  0.652428   0.691649  -0.309761 0.00278319
3.17	   0.651772    0.692154   -0.310022 -0.00139163
3.172	    0.65112    0.692636   -0.310272 -0.00546856
3.174	   0.650472    0.693095   -0.310511 -0.00945063
3.176	  0.649828   0.693532   -0.31074 -0.0133407
3.178	  0.649188   0.693949   -0.31096 -0.0171416
3.18	 0.648553  0.694346  -0.31117 -0.020856
3.182	  0.647924   0.694725  -0.311372 -0.0244865
3.184	  0.647299   0.695087  -0.311565 -0.0280356
3.186	   0.64668   0.695431   -0.31175 -0.0315057
3.188	  0.646066    0.69576  -0.311927 -0.0348991
3.19	  0.645458   0.696073  -0.312098 -0.0382181
3.192	  0.644856   0.696373  -0.312261 -0.0414648
3.194	  0.644259   0.696658  -0.312418 -0.0446414
3.196	  0.643668    0.69693  -0.312568 -0.0477497
3.198	  0.643084    0.69719  -0.312713 -0.0507918
3.2	  0.642505   0.697438  -0.312851 -0.0537695
3.202	  0.641932   0.697675  -0.312985 -0.0566847
3.204	  0.641365   0.697901  -0.313112 -0.0595391
3.206	  0.640805   0.698117  -0.313235 -0.0623343
3.208	  0.64025  0.698323 -0.313353 -0.065072
3.21	  0.639702    0.69852  -0.313466 -0.0677538
3.212	   0.63916   0.698707  -0.313575 -0.0703811
3.214	  0.638624   0.698887   -0.31368 -0.0729555
3.216	  0.638094   0.699058   -0.31378 -0.0754784
3.218	   0.63757   0.699221  -0.313876 -0.0779511
3.22	 0.637052  0.699377 -0.313969 -0.080375
3.222	   0.63654   0.699526  -0.314058 -0.0827513
3.224	  0.636034   0.699668  -0.314144 -0.0850813
3.226	  0.635534   0.699804  -0.314226 -0.0873661
3.228	  0.63504  0.699933 -0.314305 -0.089607
3.23	  0.634552   0.700057  -0.314381 -0.0918051
3.232	   0.63407   0.700175  -0.314455 -0.0939614
3.234	 0.633593  0.700288 -0.314525 -0.096077
3.236	  0.633122   0.700396  -0.314592 -0.0981529
3.238	 0.632657  0.700498 -0.314657  -0.10019
3.24	 0.632197  0.700596 -0.314719  -0.10219
3.242	 0.631743   0.70069 -0.314779 -0.104152
3.244	 0.631295  0.700779 -0.314837 -0.106079
3.246	 0.630852  0.700865 -0.314892 -0.107971
3.248	 0.630414  0.700946 -0.314945 -0.109828
3.25	 0.629982  0.701023 -0.314996 -0.111652
3.252	 0.629555  0.701097 -0.315045 -0.113443
3.254	 0.629133  0.701168 -0.315092 -0.115203
3.256	 0.628717  0.701235 -0.315137 -0.116931
3.258	 0.628305  0.701299  -0.31518 -0.118629
3.26	 0.627899   0.70136 -0.315222 -0.120298
3.262	 0.627498  0.701419 -0.315262 -0.121937
3.264	 0.627101  0.701474   -0.3153 -0.123548
3.266	 0.626709  0.701527 -0.315336 -0.125132
3.268	 0.626323  0.701578 -0.315371 -0.126688
3.27	  0.62594  0.701626 -0.315405 -0.128218
3.272	 0.625563  0.701671 -0.315437 -0.129721
3.274	  0.62519  0.701715 -0.315467   -0.1312
3.276	 0.624822  0.701757 -0.315497 -0.132654
3.278	 0.624458  0.701796 -0.315525 -0.134083
3.28	 0.624099  0.701834 -0.315551 -0.135489
3.282	 0.623744  0.701869 -0.315577 -0.136872
3.284	 0.623394  0.701903 -0.315601 -0.138232
3.286	 0.623048  0.701936 -0.315624  -0.13957
3.288	 0.622706  0.701966 -0.315646 -0.140886
3.29	 0.622368  0.701995 -0.315667  -0.14218
3.292	 0.622034  0.702023 -0.315687 -0.143454
3.294	 0.621704  0.702049 -0.315706 -0.144707
3.296	 0.621379  0.702074 -0.315723 -0.145941
3.298	 0.621057  0.702098  -0.31574 -0.147154
3.3	 0.620739  0.702121 -0.315756 -0.148349
3.302	 0.620426  0.702142 -0.315771 -0.149524
3.304	 0.620115  0.702162 -0.315785 -0.150682
3.306	 0.619809  0.702181 -0.315798 -0.151821
3.308	 0.619506    0.7022  -0.31581 -0.152942
3.31	 0.619207  0.702217 -0.315822 -0.154046
3.312	 0.618912  0.702233 -0.315832 -0.155133
3.314	  0.61862  0.702249 -0.315842 -0.156203
3.316	 0.618332  0.702263 -0.315851 -0.157257
3.318	 0.618047  0.702277 -0.315859 -0.158295
3.32	 0.617766   0.70229 -0.315867 -0.159317
3.322	 0.617488  0.702303 -0.315874 -0.160323
3.324	 0.617213  0.702315  -0.31588 -0.161314
3.326	 0.616941  0.702326 -0.315885 -0.162291
3.328	 0.616673  0.702336  -0.31589 -0.163252
3.33	 0.616408  0.702346 -0.315894   -0.1642
3.332	 0.616146  0.702356 -0.315898 -0.165133
3.334	 0.615888  0.702365   -0.3159 -0.166052
3.336	 0.615632  0.702373 -0.315903 -0.166958
3.338	 0.615379  0.702381 -0.315904  -0.16785
3.34	  0.61513  0.702388 -0.315905 -0.168729
3.342	 0.614883  0.702396 -0.315906 -0.169595
3.344	 0.614639  0.702402 -0.315905 -0.170449
3.346	 0.614399  0.702409 -0.315905  -0.17129
3.348	 0.614161  0.702415 -0.315903 -0.172119
3.35	 0.613925  0.702421 -0.315901 -0.172936
3.352	 0.613693  0.702426 -0.315899 -0.173741
3.354	 0.613463  0.702432 -0.315896 -0.174534
3.356	 0.613236  0.702437 -0.315893 -0.175316
3.358	 0.613012  0.702441 -0.315889 -0.176087
3.36	  0.61279  0.702446 -0.315884 -0.176847
3.362	 0.612571   0.70245 -0.315879 -0.177595
3.364	 0.612355  0.702455 -0.315874 -0.178333
3.366	 0.612141  0.702459 -0.315868 -0.179061
3.368	 0.611929  0.702463 -0.315862 -0.179778
3.37	  0.61172  0.702467 -0.315855 -0.180485
3.372	 0.611514   0.70247 -0.315847 -0.181182
3.374	  0.61131  0.702474 -0.315839 -0.181869
3.376	 0.611108  0.702477 -0.315831 -0.182546
3.378	 0.610909  0.702481 -0.315822 -0.183214
3.38	 0.610712  0.702484 -0.315813 -0.183872
3.382	 0.610517  0.702488 -0.315804 -0.184522
3.384	 0.610324  0.702491 -0.315794 -0.185161
3.386	 0.610134  0.702495 -0.315783 -0.185792
3.388	 0.609946  0.702498 -0.315772 -0.186414
3.39	  0.60976  0.702501 -0.315761 -0.187028
3.392	 0.609577  0.702505 -0.315749 -0.187632
3.394	 0.609395  0.702508 -0.315737 -0.188229
3.396	 0.609216  0.702512 -0.315724 -0.188816
3.398	 0.609038  0.702515 -0.315711 -0.189396
3.4	 0.608863  0.702519 -0.315698 -0.189968
3.402	  0.60869  0.702523 -0.315684 -0.190531
3.404	 0.608519  0.702526  -0.31567 -0.191087
3.406	  0.60835   0.70253 -0.315655 -0.191634
3.408	 0.608183  0.702534  -0.31564 -0.192175
3.41	 0.608017  0.702538 -0.315625 -0.192707
3.412	 0.607854  0.702542 -0.315609 -0.193232
3.414	 0.607693  0.702547 -0.315593  -0.19375
3.416	 0.607533  0.702551 -0.315576  -0.19426
3.418	 0.607376  0.702556 -0.315559 -0.194764
3.42	  0.60722   0.70256 -0.315541  -0.19526
3.422	 0.607066  0.702565 -0.315524 -0.195749
3.424	 0.606914   0.70257 -0.315505 -0.196231
3.426	 0.606764  0.702575 -0.315487 -0.196707
3.428	 0.606615  0.702581 -0.315468 -0.197175
3.43	 0.606468  0.702586 -0.315448 -0.197637
3.432	 0.606323  0.702592 -0.315429 -0.198093
3.434	  0.60618  0.702598 -0.315409 -0.198542
3.436	 0.606039  0.702604 -0.315388 -0.198985
3.438	 0.605899  0.702611 -0.315367 -0.199421
3.44	  0.60576  0.702617 -0.315346 -0.199851
3.442	 0.605624  0.702624 -0.315324 -0.200275
3.444	 0.605489  0.702631 -0.315302 -0.200693
3.446	 0.605356  0.702638 -0.315279 -0.201105
3.448	 0.605224  0.702646 -0.315256  -0.20151
3.45	 0.605094  0.702653 -0.315233  -0.20191
3.452	 0.604965  0.702661  -0.31521 -0.202304
3.454	 0.604838   0.70267 -0.315185 -0.202693
3.456	 0.604713  0.702678 -0.315161 -0.203075
3.458	 0.604589  0.702687 -0.315136 -0.203452
3.46	 0.604466  0.702696 -0.315111 -0.203824
3.462	 0.604345  0.702705 -0.315085 -0.204189
3.464	 0.604226  0.702715 -0.315059  -0.20455
3.466	 0.604108  0.702725 -0.315033 -0.204905
3.468	 0.603992  0.702735 -0.315006 -0.205254
3.47	 0.603877  0.702745 -0.314979 -0.205599
3.472	 0.603763  0.702756 -0.314951 -0.205938
3.474	 0.603651  0.702767 -0.314923 -0.206272
3.476	  0.60354  0.702778 -0.314894   -0.2066
3.478	 0.603431   0.70279 -0.314865 -0.206924
3.48	 0.603323  0.702802 -0.314836 -0.207243
3.482	 0.603216  0.702814 -0.314806 -0.207556
3.484	 0.603111  0.702827 -0.314776 -0.207865
3.486	 0.603007   0.70284 -0.314745 -0.208168
3.488	 0.602905  0.702853 -0.314714 -0.208467
3.49	 0.602804  0.702866 -0.314683 -0.208761
3.492	 0.602704   0.70288 -0.314651  -0.20905
3.494	 0.602605  0.702895 -0.314619 -0.209335
3.496	 0.602508  0.702909 -0.314586 -0.209614
3.498	 0.602412  0.702924 -0.314553 -0.209889
3.5	 0.602318  0.702939 -0.314519  -0.21016
3.502	 0.602225  0.702955 -0.314485 -0.210425
3.504	 0.602133  0.702971  -0.31445 -0.210687
3.506	 0.602042  0.702988 -0.314415 -0.210943
3.508	 0.601952  0.703004  -0.31438 -0.211195
3.51	 0.601864  0.703022 -0.314344 -0.211443
3.512	 0.601777  0.703039 -0.314307 -0.211686
3.514	 0.601691  0.703057 -0.314271 -0.211925
3.516	 0.601607  0.703076 -0.314233  -0.21216
3.518	 0.601523  0.703094 -0.314195  -0.21239
3.52	 0.601441  0.703113 -0.314157 -0.212615
3.522	  0.60136  0.703133 -0.314118 -0.212837
3.524	 0.601281  0.703153 -0.314079 -0.213054
3.526	 0.601202  0.703173 -0.314039 -0.213267
3.528	 0.601125  0.703194 -0.313999 -0.213476
3.53	 0.601049  0.703215 -0.313958  -0.21368
3.532	 0.600973  0.703237 -0.313917  -0.21388
3.534	   0.6009  0.703259 -0.313875 -0.214076
3.536	 0.600827  0.703282 -0.313832 -0.214268
3.538	 0.600755  0.703305 -0.313789 -0.214456
3.54	 0.600685  0.703328 -0.313746  -0.21464
3.542	 0.600616  0.703352 -0.313702  -0.21482
3.544	 0.600548  0.703376 -0.313657 -0.214995
3.546	 0.600481  0.703401 -0.313612 -0.215167
3.548	 0.600415  0.703427 -0.313567 -0.215334
3.55	  0.60035  0.703452  -0.31352 -0.215498
3.552	 0.600287  0.703479 -0.313474 -0.215657
3.554	 0.600224  0.703505 -0.313426 -0.215813
3.556	 0.600163  0.703533 -0.313378 -0.215964
3.558	 0.600103   0.70356  -0.31333 -0.216111
3.56	 0.600044  0.703588 -0.313281 -0.216255
3.562	 0.599986  0.703617 -0.313231 -0.216395
3.564	0.599929 0.703646 -0.31318 -0.21653
3.566	 0.599873  0.703676 -0.313129 -0.216662
3.568	 0.599818  0.703707 -0.313078 -0.216789
3.57	 0.599765  0.703737 -0.313025 -0.216913
3.572	 0.599712  0.703769 -0.312972 -0.217033
3.574	 0.599661  0.703801 -0.312919 -0.217149
3.576	  0.59961  0.703833 -0.312865 -0.217261
3.578	 0.599561  0.703866  -0.31281 -0.217369
3.58	 0.599513    0.7039 -0.312754 -0.217473
3.582	 0.599466  0.703934 -0.312698 -0.217574
3.584	  0.59942  0.703968 -0.312641  -0.21767
3.586	 0.599375  0.704004 -0.312583 -0.217762
3.588	 0.599331   0.70404 -0.312525 -0.217851
3.59	 0.599288  0.704076 -0.312466 -0.217936
3.592	 0.599246  0.704113 -0.312406 -0.218016
3.594	 0.599206  0.704151 -0.312345 -0.218093
3.596	 0.599166  0.704189 -0.312284 -0.218166
3.598	 0.599128  0.704228 -0.312221 -0.218235
3.6	  0.59909  0.704268 -0.312158   -0.2183
3.602	 0.599054  0.704308 -0.312095 -0.218361
3.604	 0.599019  0.704349  -0.31203 -0.218418
3.606	 0.598985   0.70439 -0.311965 -0.218471
3.608	 0.598952  0.704432 -0.311899  -0.21852
3.61	  0.59892  0.704475 -0.311832 -0.218565
3.612	 0.598889  0.704519 -0.311764 -0.218606
3.614	 0.598859  0.704563 -0.311695 -0.218643
3.616	  0.59883  0.704608 -0.311625 -0.218677
3.618	 0.598803  0.704654 -0.311555 -0.218706
3.62	 0.598776    0.7047 -0.311483 -0.218731
3.622	 0.598751  0.704747 -0.311411 -0.218751
3.624	 0.598726  0.704795 -0.311338 -0.218768
3.626	 0.598703  0.704843 -0.311264 -0.218781
3.628	 0.598681  0.704893 -0.311188 -0.218789
3.63	  0.59866  0.704943 -0.311112 -0.218794
3.632	  0.59864  0.704994 -0.311035 -0.218794
3.634	 0.598621  0.705045 -0.310957  -0.21879
3.636	 0.598604  0.705098 -0.310878 -0.218782
3.638	 0.598587  0.705151 -0.310797 -0.218769
3.64	 0.598572  0.705205 -0.310716 -0.218753
3.642	 0.598558   0.70526 -0.310634 -0.218732
3.644	 0.598545  0.705316  -0.31055 -0.218706
3.646	 0.598533  0.705373 -0.310466 -0.218676
3.648	 0.598522   0.70543  -0.31038 -0.218642
3.65	 0.598512  0.705488 -0.310293 -0.218603
3.652	 0.598504  0.705548 -0.310205  -0.21856
3.654	 0.598497  0.705608 -0.310116 -0.218513
3.656	  0.59849  0.705669 -0.310025  -0.21846
3.658	 0.598486  0.705731 -0.309934 -0.218404
3.66	 0.598482  0.705794 -0.309841 -0.218342
3.662	 0.598479  0.705858 -0.309746 -0.218276
3.664	 0.598478  0.705923 -0.309651 -0.218205
3.666	 0.598478  0.705989 -0.309554  -0.21813
3.668	 0.598479  0.706056 -0.309456 -0.218049
3.67	 0.598482  0.706124 -0.309356 -0.217964
3.672	 0.598485  0.706193 -0.309255 -0.217874
3.674	  0.59849  0.706263 -0.309153 -0.217778
3.676	 0.598496  0.706334 -0.309049 -0.217678
3.678	 0.598504  0.706406 -0.308943 -0.217573
3.68	 0.598513  0.706479 -0.308836 -0.217462
3.682	 0.598523  0.706554 -0.308728 -0.217347
3.684	 0.598534  0.706629 -0.308618 -0.217226
3.686	 0.598547  0.706706 -0.308506   -0.2171
3.688	 0.598561  0.706784 -0.308393 -0.216968
3.69	 0.598576  0.706863 -0.308278 -0.216831
3.692	 0.598593  0.706943 -0.308162 -0.216688
3.694	 0.598611  0.707025 -0.308043  -0.21654
3.696	 0.598631  0.707108 -0.307923 -0.216386
3.698	 0.598652  0.707192 -0.307801 -0.216226
3.7	 0.598674  0.707278 -0.307678 -0.216061
3.702	 0.598698  0.707364 -0.307552 -0.215889
3.704	 0.598723  0.707452 -0.307424 -0.215712
3.706	  0.59875  0.707542 -0.307295 -0.215528
3.708	 0.598779  0.707633 -0.307163 -0.215338
3.71	 0.598808  0.707725  -0.30703 -0.215142
3.712	  0.59884  0.707819 -0.306894 -0.214939
3.714	 0.598873  0.707915 -0.306756  -0.21473
3.716	 0.598907  0.708011 -0.306617 -0.214515
3.718	 0.598943   0.70811 -0.306474 -0.214292
3.72	 0.598981   0.70821  -0.30633 -0.214063
3.722	  0.59902  0.708311 -0.306183 -0.213827
3.724	 0.599061  0.708414 -0.306034 -0.213583
3.726	 0.599104  0.708519 -0.305883 -0.213333
3.728	 0.599148  0.708626 -0.305728 -0.213075
3.73	 0.599195  0.708734 -0.305572  -0.21281
3.732	 0.599242  0.708844 -0.305413 -0.212537
3.734	 0.599292  0.708956 -0.305251 -0.212256
3.736	 0.599344  0.709069 -0.305086 -0.211967
3.738	 0.599397  0.709185 -0.304919 -0.211671
3.74	 0.599452  0.709302 -0.304749 -0.211366
3.742	 0.599509  0.709422 -0.304575 -0.211053
3.744	 0.599568  0.709543 -0.304399 -0.210731
3.746	  0.59963  0.709666  -0.30422 -0.210401
3.748	 0.599693  0.709792 -0.304037 -0.210061
3.75	 0.599758  0.709919 -0.303852 -0.209713
3.752	 0.599825  0.710049 -0.303663 -0.209355
3.754	 0.599894  0.710181 -0.303471 -0.208988
3.756	 0.599965  0.710315 -0.303275 -0.208611
3.758	 0.600039  0.710451 -0.303075 -0.208224
3.76	 0.600115   0.71059 -0.302872 -0.207827
3.762	 0.600193  0.710731 -0.302665  -0.20742
3.764	 0.600273  0.710875 -0.302455 -0.207002
3.766	 0.600356  0.711021  -0.30224 -0.206574
3.768	 0.600441   0.71117 -0.302021 -0.206134
3.77	 0.600529  0.711321 -0.301798 -0.205683
3.772	 0.600619  0.711475 -0.301571  -0.20522
3.774	 0.600711  0.711632 -0.301339 -0.204745
3.776	 0.600807  0.711792 -0.301103 -0.204258
3.778	 0.600904  0.711954 -0.300862 -0.203758
3.78	 0.601005  0.712119 -0.300616 -0.203246
3.782	 0.601108  0.712288 -0.300366  -0.20272
3.784	 0.601214  0.712459  -0.30011 -0.202181
3.786	 0.601323  0.712634 -0.299849 -0.201628
3.788	 0.601435  0.712812 -0.299582  -0.20106
3.79	  0.60155  0.712993  -0.29931 -0.200478
3.792	 0.601668  0.713178 -0.299033 -0.199881
3.794	 0.601789  0.713366 -0.298749 -0.199268
3.796	 0.601914  0.713558 -0.298459 -0.198639
3.798	 0.602041  0.713753 -0.298163 -0.197994
3.8	 0.602172  0.713952 -0.297861 -0.197332
3.802	 0.602307  0.714155 -0.297551 -0.196653
3.804	 0.602445  0.714362 -0.297235 -0.195955
3.806	 0.602587  0.714573 -0.296912 -0.195239
3.808	 0.602732  0.714788 -0.296581 -0.194504
3.81	 0.602881  0.715007 -0.296243  -0.19375
3.812	 0.603034  0.715231 -0.295896 -0.192975
3.814	 0.603191   0.71546 -0.295542 -0.192179
3.816	 0.603352  0.715693 -0.295179 -0.191362
3.818	 0.603518   0.71593 -0.294807 -0.190522
3.82	 0.603687  0.716173 -0.294427  -0.18966
3.822	 0.603861  0.716421 -0.294037 -0.188773
3.824	  0.60404  0.716674 -0.293637 -0.187862
3.826	 0.604223  0.716932 -0.293227 -0.186925
3.828	 0.604411  0.717196 -0.292807 -0.185962
3.83	 0.604604  0.717465 -0.292376 -0.184972
3.832	 0.604802   0.71774 -0.291933 -0.183954
3.834	 0.605005  0.718021 -0.291479 -0.182906
3.836	 0.605214  0.718308 -0.291013 -0.181828
3.838	 0.605428  0.718602 -0.290534 -0.180718
3.84	 0.605647  0.718902 -0.290042 -0.179575
3.842	 0.605873  0.719209 -0.289536 -0.178399
3.844	 0.606104  0.719522 -0.289016 -0.177187
3.846	 0.606342  0.719843 -0.288481 -0.175938
3.848	 0.606586  0.720171  -0.28793 -0.174652
3.85	 0.606836  0.720507 -0.287364 -0.173325
3.852	 0.607093   0.72085  -0.28678 -0.171957
3.854	 0.607357  0.721202 -0.286179 -0.170546
3.856	 0.607629  0.721562  -0.28556 -0.169089
3.858	 0.607907   0.72193 -0.284921 -0.167586
3.86	 0.608193  0.722308 -0.284263 -0.166034
3.862	 0.608487  0.722694 -0.283583  -0.16443
3.864	 0.608789   0.72309 -0.282881 -0.162773
3.866	   0.6091  0.723495 -0.282156  -0.16106
3.868	 0.609419  0.723911 -0.281407 -0.159288
3.87	 0.609746  0.724336 -0.280632 -0.157455
3.872	 0.610083  0.724773  -0.27983 -0.155558
3.874	 0.610429   0.72522    -0.279 -0.153592
3.876	 0.610785  0.725679 -0.278141 -0.151556
3.878	 0.611151   0.72615  -0.27725 -0.149445
3.88	 0.611527  0.726632 -0.276327 -0.147256
3.882	 0.611914  0.727127 -0.275368 -0.144984
3.884	 0.612311  0.727635 -0.274373 -0.142625
3.886	  0.61272  0.728156 -0.273339 -0.140175
3.888	  0.61314  0.728691 -0.272264 -0.137628
3.89	 0.613573  0.729239 -0.271145 -0.134978
3.892	 0.614017  0.729802 -0.269981  -0.13222
3.894	 0.614474   0.73038 -0.268767 -0.129347
3.896	 0.614944  0.730973 -0.267501 -0.126354
3.898	 0.615427  0.731582  -0.26618 -0.123231
3.9	 0.615924  0.732206 -0.264799 -0.119971
3.902	 0.616434  0.732847 -0.263356 -0.116566
3.904	 0.616959  0.733504 -0.261845 -0.113006
3.906	 0.617498  0.734178 -0.260262 -0.109281
3.908	 0.618051   0.73487 -0.258602  -0.10538
3.91	 0.618618  0.735578 -0.256859 -0.101289
3.912	  0.619201   0.736304  -0.255027 -0.0969975
3.914	  0.619798   0.737047  -0.253099 -0.0924893
3.916	  0.620409   0.737806  -0.251067 -0.0877487
3.918	  0.621034   0.738583  -0.248924 -0.0827584
3.92	  0.621673   0.739375  -0.246661 -0.0774989
3.922	  0.622324   0.740183  -0.244266 -0.0719491
3.924	  0.622987   0.741004  -0.241729 -0.0660855
3.926	  0.623661   0.741837  -0.239037 -0.0598821
3.928	  0.624343   0.742681  -0.236176 -0.0533099
3.93	 0.625031  0.743532 -0.233131 -0.046337
3.932	  0.625722   0.744386  -0.229883 -0.0389276
3.934	  0.626413   0.745239  -0.226413 -0.0310416
3.936	  0.627097   0.746085  -0.222697 -0.0226342
3.938	  0.627769   0.746917  -0.218711 -0.0136552
3.94	   0.628422    0.747724   -0.214426 -0.00404803
3.942	  0.629044   0.748496  -0.209808 0.00625123
3.944	 0.629623  0.749216 -0.204818 0.0173148
3.946	 0.630143  0.749866 -0.199415 0.0292244
3.948	 0.630584  0.750422 -0.193547 0.0420732
3.95	  0.63092  0.750853 -0.187156 0.0559667
3.952	 0.631119   0.75112 -0.180176 0.0710257
3.954	 0.631138  0.751174 -0.172527 0.0873876
3.956	0.630926 0.750951 -0.16412 0.105209
3.958	 0.630414  0.750372 -0.154847   0.12467
3.96	 0.629515  0.749332 -0.144584  0.145973
3.962	 0.628117  0.747697 -0.133187   0.16935
3.964	 0.626074  0.745296 -0.120483  0.195061
3.966	   0.6232  0.741904 -0.106277  0.223394
3.968	  0.619252   0.737233 -0.0903373   0.254665
3.97	 0.613914  0.730907 -0.072403   0.28921
3.972	  0.606782   0.722443 -0.0521799   0.327365
3.974	  0.597337   0.711225 -0.0293483   0.369441
3.976	   0.584922    0.696471 -0.00357936     0.41567
3.978	0.568732 0.677218 0.025434 0.466125
3.98	 0.547803  0.652322 0.0579226  0.520607
3.982	 0.521059  0.620499 0.0939569   0.57849
3.984	0.487406 0.580446 0.133333 0.638545
3.986	0.445924 0.531066 0.175447 0.698813
3.988	0.396148 0.471803 0.219192 0.756587
3.99	0.338381 0.403019 0.262967 0.808654
3.992	0.273921 0.326258 0.304843 0.851818
3.994	0.205024 0.244206 0.342902 0.883599
3.996	0.134552 0.160272 0.375636 0.902832
3.998	0.0654074 0.0779131   0.40223  0.909869
4	6.88919e-12 8.20594e-12    0.422618    0.906308
